     0/299        0G      3.57       6.1      4.57      14.2       156       544         0         0  1.65e-06         0      4.44      3.66      4.24
     1/299        0G      3.15      4.52      3.16      10.8       176       480         0         0         0         0      4.45      2.92      4.38
     2/299        0G      2.94      3.72      2.72      9.37       218       608      0.05  6.56e-05  0.000468  0.000131         4      2.14      4.48
     3/299        0G      2.76      3.38      2.42      8.56       203       512     0.102  0.000379   0.00587  0.000754      3.45      2.16      4.13
     4/299        0G      2.64       3.4      2.23      8.27       169       384     0.226   0.00336    0.0115   0.00597       3.3       2.3       4.1
     5/299        0G      2.57      3.35      2.09      8.02       159       640     0.233   0.00792    0.0158    0.0133      3.21      2.33      3.95
     6/299   0.0021G      2.51      3.28         2       7.8       215       544     0.268    0.0183    0.0281    0.0295      3.04      2.25      3.54
     7/299   0.0021G      2.48      3.33      1.94      7.74       171       544     0.249    0.0328     0.042    0.0485      2.93      2.16      3.28
     8/299   0.0021G      2.44      3.31      1.88      7.62       207       608     0.258    0.0533    0.0596    0.0731      2.83      2.09      3.01
     9/299   0.0021G      2.41      3.33      1.83      7.58       143       512     0.268    0.0784    0.0783     0.101      2.75      2.05      2.74
    10/299   0.0021G      2.39      3.26      1.79      7.44       215       608     0.281     0.101    0.0944     0.126      2.69      2.02      2.57
    11/299        0G      2.36      3.25      1.76      7.37       211       448     0.284     0.121     0.111     0.146      2.65         2      2.41
    12/299   0.0021G      2.35      3.21      1.73      7.29       198       384      0.29     0.151     0.134     0.174      2.59      1.98      2.21
    13/299   0.0021G      2.33      3.23       1.7      7.26       211       448     0.301      0.18     0.153     0.198      2.54      1.97      2.06
    14/299   0.0021G      2.32      3.25      1.68      7.25       214       448     0.303     0.208     0.172     0.221       2.5      1.96      1.93
    15/299   0.0021G      2.31      3.21      1.66      7.18       236       512     0.302     0.228     0.186     0.234      2.47      1.95      1.85
    16/299        0G      2.29      3.24      1.63      7.17       273       576     0.296     0.245     0.198     0.244      2.43      1.95      1.77
    17/299   0.0021G      2.29       3.2      1.62      7.11       183       608     0.295     0.262     0.209     0.254      2.41      1.94      1.72
    18/299   0.0021G      2.27       3.2      1.59      7.06       178       640     0.294     0.276     0.218     0.263      2.39      1.94      1.67
    19/299   0.0021G      2.27      3.14      1.58      6.99       210       576     0.293     0.289     0.229     0.272      2.37      1.94      1.62
    20/299        0G      2.25      3.18      1.56         7       172       320     0.293       0.3     0.236     0.278      2.35      1.94      1.58
    21/299   0.0021G      2.25       3.2      1.55      6.99       166       448     0.293     0.312     0.243     0.284      2.34      1.93      1.55
    22/299   0.0021G      2.24      3.19      1.54      6.97       138       320     0.293      0.32      0.25     0.289      2.32      1.92      1.51
    23/299   0.0021G      2.23      3.19      1.53      6.95       190       544     0.293     0.328     0.254     0.292      2.31      1.91       1.5
    24/299   0.0021G      2.23      3.17      1.52      6.91       173       512     0.287     0.336     0.259     0.293       2.3      1.91      1.48
    25/299   0.0021G      2.22      3.21       1.5      6.93       103       512     0.288     0.341     0.263     0.297      2.29      1.91      1.46
    26/299   0.0021G      2.21      3.15      1.49      6.85       178       576     0.287     0.347     0.266     0.299      2.28      1.91      1.44
    27/299   0.0021G      2.21      3.14      1.48      6.83       205       576     0.284     0.353     0.271     0.301      2.27       1.9      1.42
    28/299   0.0021G       2.2      3.15      1.47      6.83       124       640     0.285     0.359     0.275     0.304      2.27       1.9       1.4
    29/299   0.0021G       2.2      3.12      1.46      6.78       175       320     0.287     0.361     0.277     0.306      2.26       1.9      1.39
    30/299   0.0021G       2.2      3.18      1.46      6.84       221       640     0.289     0.364      0.28     0.309      2.26      1.89      1.38
    31/299   0.0021G      2.19      3.14      1.44      6.77       166       512     0.291     0.366     0.283     0.309      2.25      1.89      1.38
    32/299   0.0021G      2.18      3.12      1.43      6.73       150       544     0.293     0.368     0.284     0.311      2.25      1.89      1.38
    33/299   0.0021G      2.18      3.19      1.43      6.81       177       608     0.292     0.371     0.287     0.313      2.25      1.89      1.37
    34/299   0.0021G      2.18      3.13      1.42      6.73       169       640     0.293     0.375      0.29     0.316      2.24      1.88      1.35
    35/299   0.0021G      2.17      3.13      1.41      6.71       188       448     0.294     0.377     0.293     0.318      2.24      1.87      1.34
    36/299   0.0021G      2.16      3.12       1.4      6.69       132       480     0.297      0.38     0.295     0.321      2.23      1.87      1.32
    37/299   0.0021G      2.16      3.14       1.4       6.7       143       448     0.298     0.382     0.296     0.322      2.23      1.87      1.32
    38/299   0.0021G      2.16      3.13      1.39      6.68       238       608     0.299     0.385     0.298     0.325      2.22      1.86      1.31
    39/299   0.0021G      2.16      3.13      1.39      6.67       153       544       0.3     0.385       0.3     0.325      2.22      1.86       1.3
    40/299   0.0021G      2.15      3.11      1.39      6.65       179       480       0.3     0.388       0.3     0.326      2.22      1.87       1.3
    41/299        0G      2.15      3.11      1.38      6.64       114       352     0.302     0.386     0.301     0.327      2.22      1.87       1.3
    42/299   0.0021G      2.15       3.1      1.37      6.62       183       320     0.303     0.387     0.301     0.327      2.22      1.88       1.3
    43/299   0.0021G      2.14      3.12      1.36      6.63       189       512     0.302     0.388     0.302     0.328      2.21      1.87      1.29
    44/299        0G      2.14      3.09      1.36      6.59       177       416     0.305     0.391     0.304     0.331      2.21      1.87      1.28
    45/299   0.0021G      2.14      3.13      1.35      6.62       180       352     0.304     0.392     0.305     0.331      2.21      1.86      1.28
    46/299   0.0021G      2.13       3.1      1.34      6.58       190       352     0.304     0.393     0.305     0.332       2.2      1.86      1.28
    47/299   0.0021G      2.13      3.12      1.35       6.6       186       352     0.305     0.395     0.307     0.334       2.2      1.86      1.27
    48/299   0.0021G      2.13      3.08      1.34      6.55       167       352     0.306     0.396     0.309     0.335       2.2      1.85      1.27
    49/299   0.0021G      2.12      3.13      1.34       6.6       208       384     0.308     0.398     0.311     0.338      2.19      1.85      1.26
    50/299   0.0021G      2.12       3.1      1.33      6.56       178       320     0.309     0.399     0.313     0.339      2.19      1.84      1.25
    51/299   0.0021G      2.12      3.09      1.33      6.54       178       576     0.308     0.402     0.315     0.339      2.19      1.85      1.25
    52/299   0.0021G      2.12      3.08      1.33      6.53       126       608     0.309     0.404     0.315      0.34      2.19      1.85      1.25
    53/299   0.0021G      2.12      3.09      1.32      6.53       174       384     0.308     0.404     0.316     0.339      2.19      1.85      1.24
    54/299   0.0021G      2.11      3.09      1.32      6.52       189       352     0.308     0.404     0.318      0.34      2.18      1.84      1.24
    55/299   0.0021G      2.11      3.09      1.31      6.51       165       576      0.31     0.407      0.32     0.342      2.18      1.85      1.23
    56/299   0.0021G      2.11      3.05       1.3      6.46       170       544     0.311     0.408     0.321     0.344      2.18      1.84      1.23
    57/299   0.0021G      2.11      3.08       1.3      6.49       264       352     0.311     0.408     0.323     0.344      2.18      1.84      1.22
    58/299   0.0021G       2.1      3.09       1.3      6.49       162       640     0.313      0.41     0.323     0.346      2.17      1.83      1.22
    59/299   0.0021G       2.1      3.06      1.29      6.45       197       512     0.315     0.409     0.325     0.346      2.17      1.83      1.22
    60/299   0.0021G       2.1      3.11      1.29      6.51       200       384     0.315     0.413     0.326     0.348      2.17      1.83      1.21
    61/299   0.0021G       2.1      3.05      1.28      6.43       148       544     0.315     0.414     0.327     0.348      2.17      1.83      1.21
    62/299   0.0021G      2.09      3.05      1.28      6.42       189       576     0.314     0.417     0.328     0.349      2.17      1.83       1.2
    63/299   0.0021G      2.09      3.02      1.28      6.39       130       480     0.314     0.416     0.329     0.348      2.17      1.83       1.2
    64/299   0.0021G      2.09      3.08      1.27      6.44       162       608     0.328     0.416      0.33     0.351      2.16      1.82       1.2
