     0/299        0G      3.53      5.15      3.98      12.7        26       480    0.0117   0.00178   0.00234   0.00295      3.34      2.18       2.9
     1/299        0G      2.78      3.54      2.91      9.23        24       576     0.205   0.00329    0.0198   0.00615      2.99      1.81      2.67
     2/299        0G      2.59      2.95      2.61      8.15        31       608      0.19     0.038    0.0374    0.0495      2.87      1.58      2.41
     3/299        0G       2.4      2.65      2.34      7.39        16       384     0.262    0.0604    0.0846    0.0775      2.72      1.59      2.03
     4/299   0.0021G      2.26      2.66      2.15      7.07        22       576     0.379    0.0633    0.0992    0.0975      2.63       1.5      2.06
     5/299        0G      2.17      2.57      2.02      6.76        23       640     0.385     0.133     0.138     0.158      2.38       1.5      1.76
     6/299   0.0021G      2.11      2.57      1.92       6.6        27       576     0.313     0.179     0.158     0.209      2.36      1.49      1.59
     7/299   0.0021G      2.06      2.53      1.82       6.4        31       384     0.324     0.214     0.184     0.235      2.28      1.49      1.52
     8/299   0.0021G      2.01      2.54      1.74      6.29        19       608     0.342     0.222     0.197     0.239      2.23      1.46      1.51
     9/299   0.0021G      1.98      2.49      1.68      6.14        31       480     0.367     0.243     0.218     0.267      2.19      1.43      1.33
    10/299        0G      1.94      2.45      1.61         6        26       448     0.372     0.284     0.241     0.288      2.14      1.43      1.27
    11/299   0.0021G      1.91      2.42      1.55      5.89        42       640     0.351     0.295     0.252     0.302      2.15       1.5      1.24
    12/299        0G      1.89      2.45      1.52      5.85        34       512     0.389     0.315     0.282     0.327      2.06      1.42      1.18
    13/299   0.0021G      1.86       2.5      1.47      5.83        30       608     0.379     0.325     0.277     0.329      2.11      1.43       1.2
    14/299   0.0021G      1.85      2.43      1.44      5.71        21       608     0.394     0.343     0.297     0.346      2.08      1.47      1.14
    15/299   0.0021G      1.83      2.44       1.4      5.66        34       480     0.378     0.376     0.307     0.348      2.07      1.49      1.08
    16/299   0.0021G      1.79      2.46      1.37      5.62        25       512     0.387      0.38     0.309     0.364      2.04      1.47      1.11
    17/299        0G      1.79      2.39      1.35      5.53        31       416     0.401     0.399      0.34     0.383      1.99       1.4     0.974
    18/299   0.0021G      1.78      2.36      1.31      5.45        31       416     0.373     0.423     0.338     0.385      1.98      1.41     0.978
    19/299   0.0021G      1.76      2.38      1.29      5.43        17       640     0.386     0.431     0.352     0.395      1.98      1.46     0.956
    20/299   0.0021G      1.75       2.4      1.29      5.43        15       576     0.383     0.428     0.357     0.394      1.97      1.44     0.933
    21/299   0.0021G      1.74      2.35      1.25      5.34        27       576     0.388     0.441      0.37     0.408      1.92      1.37     0.885
    22/299   0.0021G      1.73      2.36      1.23      5.31        27       576     0.368     0.461     0.359     0.399      1.95      1.42     0.906
    23/299   0.0021G      1.71      2.37      1.21      5.29        22       384     0.405     0.455     0.377     0.422      1.93      1.39     0.881
    24/299   0.0021G      1.71      2.26      1.19      5.15        36       384     0.421     0.468     0.402     0.434      1.89      1.34     0.839
    25/299   0.0021G      1.69      2.31      1.17      5.17        29       512     0.388      0.49     0.397     0.425      1.89      1.39     0.838
    26/299   0.0021G      1.68      2.38      1.16      5.22        31       512      0.39     0.503     0.405     0.435      1.87      1.39      0.82
    27/299   0.0021G      1.67      2.31      1.14      5.11        27       384     0.383     0.514     0.406     0.433      1.85      1.39     0.798
    28/299   0.0021G      1.66      2.35      1.14      5.15        28       448     0.382     0.525     0.416     0.436      1.86      1.39     0.817
    29/299   0.0021G      1.67      2.31      1.12       5.1        24       448     0.398     0.531      0.43     0.449      1.83      1.38     0.778
    30/299   0.0021G      1.65      2.34       1.1      5.09        45       384     0.367     0.532     0.417     0.428      1.84      1.41     0.789
    31/299   0.0021G      1.65       2.3      1.09      5.04        33       576     0.377     0.547     0.433     0.441      1.82      1.39     0.764
    32/299   0.0021G      1.63      2.32      1.08      5.04        26       416     0.382     0.543      0.43     0.442      1.82      1.39     0.766
    33/299   0.0021G      1.64      2.22      1.06      4.92        24       384     0.402     0.548     0.448     0.458       1.8      1.35     0.741
    34/299   0.0021G      1.63      2.23      1.06      4.91        23       512     0.402     0.555     0.448     0.461       1.8      1.34     0.747
    35/299   0.0021G      1.62      2.29      1.06      4.96        37       640     0.399     0.549     0.446     0.458      1.79      1.36     0.734
    36/299   0.0021G      1.62      2.28      1.03      4.94        23       448     0.379     0.567     0.454     0.449      1.79      1.38     0.727
    37/299   0.0021G      1.61      2.31      1.03      4.95        26       448     0.378     0.571     0.452      0.45      1.79       1.4     0.717
    38/299   0.0021G       1.6       2.3      1.03      4.93        47       448      0.38     0.575     0.456     0.452      1.79      1.39      0.72
    39/299   0.0021G      1.59      2.26         1      4.85        26       640     0.379      0.58     0.462     0.452      1.78      1.39     0.716
    40/299   0.0021G      1.59      2.26     0.993      4.84        20       608     0.381     0.587     0.463     0.457      1.77      1.38     0.705
    41/299   0.0021G      1.59      2.25     0.999      4.84        29       384     0.382     0.586     0.469     0.458      1.76      1.37     0.697
    42/299        0G      1.58      2.27     0.982      4.83        38       544      0.38      0.59     0.467     0.458      1.76      1.38     0.691
    43/299   0.0021G      1.58       2.2     0.975      4.76        23       512     0.383     0.594     0.475     0.461      1.75      1.36     0.683
    44/299        0G      1.57      2.23     0.958      4.76        23       352     0.384     0.601     0.478     0.464      1.74      1.37     0.674
    45/299   0.0021G      1.57      2.23     0.955      4.75        28       544     0.383     0.602     0.478     0.463      1.74      1.38     0.672
    46/299   0.0021G      1.55      2.25     0.946      4.75        20       416     0.382     0.604     0.479     0.464      1.74      1.37     0.668
    47/299   0.0021G      1.55      2.23     0.947      4.73        17       416     0.378     0.607     0.477     0.462      1.74      1.37     0.668
    48/299   0.0021G      1.56      2.25     0.942      4.75        25       384     0.376     0.615     0.479     0.462      1.74      1.38     0.664
    49/299   0.0021G      1.56      2.22     0.927       4.7        36       448     0.378     0.618     0.481     0.464      1.73      1.37     0.662
    50/299   0.0021G      1.54      2.25      0.92      4.71        24       640     0.377     0.622     0.485     0.465      1.73      1.38     0.656
    51/299   0.0021G      1.54      2.18     0.913      4.64        36       416     0.378     0.621     0.488     0.465      1.72      1.37     0.653
    52/299   0.0021G      1.55      2.16     0.915      4.62        35       512     0.379     0.625     0.492     0.467      1.72      1.37     0.649
    53/299   0.0021G      1.54      2.15     0.904      4.59        40       416     0.383     0.628     0.494     0.471      1.72      1.36     0.648
    54/299   0.0021G      1.53      2.18     0.891       4.6        29       608     0.381     0.631     0.495     0.471      1.71      1.36     0.645
    55/299        0G      1.54      2.18     0.897      4.62        22       320     0.381     0.632     0.497     0.471      1.71      1.36     0.643
    56/299   0.0021G      1.53      2.22     0.882      4.63        26       352     0.381     0.633     0.498     0.472      1.71      1.36     0.643
    57/299   0.0021G      1.52      2.16     0.878      4.57        28       608     0.381     0.635     0.499     0.472      1.71      1.36     0.641
    58/299   0.0021G      1.52      2.17     0.881      4.58        28       576     0.382     0.637       0.5     0.473       1.7      1.36     0.641
    59/299   0.0021G      1.51      2.23     0.862      4.61        26       320     0.378     0.636     0.499     0.469       1.7      1.36     0.641
    60/299   0.0021G      1.52      2.22      0.88      4.62        51       384     0.376     0.639     0.501     0.469       1.7      1.36     0.641
    61/299   0.0021G      1.52      2.16     0.874      4.56        26       608     0.377     0.642     0.503      0.47       1.7      1.37     0.638
    62/299   0.0021G      1.51      2.18     0.869      4.55        26       416     0.377     0.643     0.504      0.47       1.7      1.37     0.636
    63/299   0.0021G       1.5      2.18     0.856      4.54        18       416     0.376     0.645     0.505      0.47      1.69      1.37     0.634
    64/299   0.0021G      1.49      2.19     0.842      4.53        20       544     0.377     0.648     0.506     0.472      1.69      1.37     0.633
    65/299   0.0021G       1.5      2.17     0.855      4.53        17       448     0.378     0.651     0.506     0.473      1.69      1.37     0.631
    66/299   0.0021G       1.5      2.17     0.835       4.5        33       608     0.377      0.65     0.508     0.472      1.69      1.37      0.63
    67/299   0.0021G      1.49      2.14     0.831      4.47        27       448     0.377     0.651     0.508     0.472      1.69      1.37     0.628
    68/299   0.0021G      1.48      2.14     0.832      4.45        19       544     0.377     0.652      0.51     0.473      1.69      1.37     0.627
    69/299   0.0021G      1.49       2.2     0.831      4.52        26       320     0.376     0.653     0.511     0.472      1.69      1.37     0.626
    70/299   0.0021G      1.49      2.16     0.819      4.46        45       448     0.375     0.653     0.511     0.472      1.68      1.37     0.625
    71/299   0.0021G      1.48      2.16     0.821      4.46        40       608     0.375     0.653     0.512     0.472      1.68      1.37     0.624
    72/299   0.0021G      1.48      2.16     0.803      4.44        35       416     0.375     0.654     0.512     0.472      1.68      1.37     0.623
    73/299   0.0021G      1.49      2.17     0.807      4.47        25       544     0.375     0.655     0.512     0.471      1.68      1.37     0.622
    74/299   0.0021G      1.47      2.17     0.817      4.46        27       384     0.375     0.657     0.513     0.472      1.68      1.37     0.621
    75/299   0.0021G      1.47      2.17     0.802      4.45        36       512     0.374     0.657     0.513     0.472      1.68      1.37      0.62
    76/299   0.0021G      1.46      2.19     0.785      4.44        35       416     0.373     0.657     0.513     0.471      1.68      1.38     0.619
    77/299   0.0021G      1.47      2.13     0.787      4.38        36       448     0.373     0.658     0.513     0.471      1.68      1.37     0.617
    78/299   0.0021G      1.46      2.15     0.777      4.38        28       416     0.373     0.659     0.514     0.472      1.68      1.37     0.616
    79/299   0.0021G      1.46      2.17     0.805      4.43        41       352     0.372     0.658     0.514      0.47      1.68      1.37     0.614
    80/299   0.0021G      1.46      2.13     0.793      4.39        34       576     0.372      0.66     0.515     0.471      1.67      1.38     0.613
    81/299   0.0021G      1.46      2.14     0.774      4.37        26       352     0.372      0.66     0.515      0.47      1.67      1.38     0.612
    82/299   0.0021G      1.46      2.08     0.774      4.32        28       608     0.372      0.66     0.515      0.47      1.67      1.37     0.611
    83/299   0.0021G      1.46      2.11     0.774      4.34        25       416     0.372     0.661     0.516     0.471      1.67      1.37      0.61
    84/299   0.0021G      1.45      2.11      0.76      4.32        26       384     0.371     0.661     0.517     0.471      1.67      1.37     0.609
    85/299   0.0021G      1.44      2.17     0.766      4.38        33       448     0.371     0.662     0.517     0.471      1.67      1.37     0.608
    86/299   0.0021G      1.44      2.09      0.77      4.31        28       576     0.372     0.663     0.518     0.471      1.67      1.37     0.606
    87/299   0.0021G      1.43       2.1      0.75      4.29        25       544     0.372     0.663     0.518     0.471      1.67      1.37     0.605
    88/299   0.0021G      1.43      2.11     0.736      4.28        35       416     0.372     0.664     0.519     0.472      1.67      1.37     0.604
    89/299   0.0021G      1.44       2.1     0.757      4.29        18       416     0.372     0.663     0.518     0.471      1.67      1.37     0.604
    90/299   0.0021G      1.44      2.09     0.748      4.28        27       608     0.372     0.665     0.519     0.472      1.67      1.37     0.603
    91/299   0.0021G      1.43      2.11      0.73      4.26        27       384     0.373     0.666      0.52     0.473      1.66      1.37     0.602
    92/299   0.0021G      1.43      2.12     0.753      4.31        29       320     0.372     0.666      0.52     0.473      1.66      1.37     0.601
    93/299   0.0021G      1.43      2.06     0.731      4.22        21       576     0.373     0.666      0.52     0.473      1.66      1.37     0.601
    94/299   0.0021G      1.42      2.12     0.736      4.28        27       512     0.374     0.667     0.521     0.474      1.66      1.37       0.6
    95/299   0.0021G      1.43      2.07     0.733      4.24        39       320     0.374     0.667     0.521     0.474      1.66      1.36       0.6
    96/299   0.0021G      1.43      2.07     0.735      4.23        20       352     0.375     0.667     0.523     0.475      1.66      1.36     0.599
    97/299   0.0021G      1.43      2.05     0.725      4.21        31       608     0.376     0.668     0.524     0.476      1.66      1.36     0.598
    98/299   0.0021G      1.43      2.08     0.711      4.21        24       544     0.377     0.668     0.524     0.477      1.66      1.36     0.597
    99/299   0.0021G      1.42      2.07     0.716      4.21        24       608     0.378     0.668     0.524     0.477      1.66      1.36     0.596
   100/299   0.0021G      1.42       2.1     0.729      4.24        34       320     0.378     0.669     0.525     0.478      1.66      1.36     0.596
   101/299   0.0021G      1.42      2.03     0.711      4.16        39       384     0.379     0.669     0.526     0.479      1.66      1.36     0.595
   102/299   0.0021G      1.41      2.11     0.708      4.23        34       352     0.379     0.669     0.527     0.479      1.66      1.36     0.594
   103/299   0.0021G      1.41      2.12     0.707      4.24        28       448     0.379     0.668     0.526     0.478      1.66      1.36     0.594
   104/299   0.0021G      1.41      2.01     0.694      4.11        34       512     0.379     0.669     0.527     0.479      1.66      1.36     0.593
   105/299   0.0021G       1.4      2.08     0.697      4.17        25       512      0.38      0.67     0.528      0.48      1.66      1.35     0.593
   106/299   0.0021G       1.4      2.06     0.699      4.16        22       320      0.38     0.671     0.528      0.48      1.65      1.35     0.592
   107/299   0.0021G       1.4      2.08     0.697      4.18        25       352     0.381     0.671     0.529     0.481      1.65      1.35     0.591
   108/299   0.0021G       1.4      2.08     0.695      4.17        32       480     0.381      0.67     0.529     0.481      1.65      1.35     0.591
   109/299   0.0021G      1.39      2.11     0.691      4.19        37       384     0.381     0.671     0.529     0.481      1.65      1.35     0.591
   110/299   0.0021G       1.4      2.07     0.688      4.16        22       544     0.381     0.671     0.529     0.481      1.65      1.35      0.59
   111/299   0.0021G      1.39      2.07      0.68      4.14        23       544     0.382     0.671      0.53     0.481      1.65      1.35     0.589
   112/299   0.0021G       1.4      2.11     0.688       4.2        22       480     0.382     0.671      0.53     0.482      1.65      1.35     0.588
   113/299   0.0021G      1.39      2.09     0.685      4.17        35       544     0.383     0.672      0.53     0.482      1.65      1.35     0.588
   114/299   0.0021G      1.38      2.07     0.668      4.12        23       320     0.384     0.672     0.531     0.483      1.65      1.35     0.587
   115/299   0.0021G      1.39      2.05     0.672      4.11        24       416     0.383     0.672      0.53     0.483      1.65      1.34     0.586
   116/299   0.0021G      1.38      2.06     0.668       4.1        27       640     0.384     0.673     0.531     0.484      1.65      1.34     0.586
   117/299   0.0021G      1.38       2.1     0.682      4.17        18       640     0.385     0.674     0.532     0.485      1.65      1.34     0.585
   118/299   0.0021G      1.38       2.1     0.678      4.15        38       544     0.385     0.674     0.532     0.485      1.65      1.34     0.585
   119/299   0.0021G      1.37      2.01      0.65      4.03        21       384     0.385     0.674     0.533     0.485      1.65      1.34     0.584
   120/299   0.0021G      1.38      2.09     0.667      4.13        32       480     0.385     0.674     0.533     0.485      1.65      1.34     0.584
   121/299   0.0021G      1.36      2.04     0.638      4.04        42       544     0.385     0.675     0.534     0.486      1.65      1.34     0.583
   122/299   0.0021G      1.37      2.06     0.658      4.09        23       512     0.385     0.676     0.534     0.486      1.65      1.34     0.583
   123/299   0.0021G      1.36      2.05     0.654      4.07        30       384     0.385     0.675     0.534     0.486      1.65      1.34     0.582
   124/299   0.0021G      1.36      2.08     0.654      4.09        38       320     0.385     0.676     0.534     0.485      1.65      1.34     0.582
   125/299   0.0021G      1.36      2.04     0.642      4.04        29       448     0.385     0.677     0.535     0.486      1.65      1.34     0.581
   126/299   0.0021G      1.36       2.1     0.643       4.1        27       480     0.385     0.678     0.535     0.486      1.65      1.34     0.581
   127/299   0.0021G      1.36      2.07     0.647      4.07        26       352     0.385     0.678     0.535     0.486      1.65      1.34     0.581
   128/299   0.0021G      1.36      2.03     0.635      4.03        24       544     0.386     0.679     0.535     0.487      1.65      1.34      0.58
   129/299   0.0021G      1.36      1.99     0.638      3.99        36       448     0.386     0.679     0.535     0.487      1.65      1.34      0.58
   130/299   0.0021G      1.35      2.07     0.636      4.05        25       608     0.386     0.679     0.536     0.487      1.65      1.34     0.579
   131/299   0.0021G      1.36      2.01     0.634         4        25       544     0.387     0.679     0.537     0.488      1.64      1.33     0.578
   132/299   0.0021G      1.36         2     0.624      3.98        36       480     0.388     0.679     0.537     0.489      1.64      1.33     0.578
   133/299   0.0021G      1.36      2.05     0.632      4.03        26       576     0.388     0.679     0.537     0.489      1.64      1.33     0.577
   134/299   0.0021G      1.34      2.01     0.623      3.97        18       544     0.388     0.679     0.537     0.488      1.64      1.33     0.577
   135/299   0.0021G      1.34      2.04     0.614         4        28       576     0.388     0.679     0.537     0.488      1.64      1.33     0.577
   136/299   0.0021G      1.34      2.01     0.618      3.96        25       384     0.389     0.679     0.537     0.489      1.64      1.33     0.576
   137/299   0.0021G      1.33      1.98     0.613      3.92        27       640     0.389      0.68     0.538     0.489      1.64      1.33     0.576
   138/299   0.0021G      1.33      2.02     0.608      3.96        19       320     0.389      0.68     0.538      0.49      1.64      1.33     0.576
   139/299   0.0021G      1.33      2.04      0.61      3.98        26       416      0.39     0.681     0.538      0.49      1.64      1.33     0.575
   140/299   0.0021G      1.34         2     0.609      3.95        33       352      0.39      0.68     0.539      0.49      1.64      1.33     0.575
   141/299   0.0021G      1.33      1.97     0.593       3.9        29       512      0.39     0.681      0.54     0.491      1.64      1.33     0.574
   142/299   0.0021G      1.32      2.04     0.596      3.96        41       640      0.39     0.681      0.54     0.491      1.64      1.33     0.574
   143/299   0.0021G      1.33      1.96     0.595      3.88        24       480      0.39     0.681     0.541     0.491      1.64      1.33     0.573
   144/299   0.0021G      1.34      1.95     0.605      3.89        30       608     0.392     0.682     0.541     0.493      1.64      1.32     0.573
   145/299   0.0021G      1.33      2.01     0.599      3.94        29       640     0.392     0.683     0.541     0.493      1.64      1.32     0.572
   146/299   0.0021G      1.32      1.97     0.586      3.87        22       416     0.392     0.682     0.542     0.493      1.64      1.32     0.572
   147/299   0.0021G      1.32      1.96      0.57      3.85        25       640     0.393     0.682     0.543     0.493      1.64      1.32     0.571
   148/299   0.0021G      1.31      1.96     0.586      3.86        38       480     0.392     0.683     0.543     0.493      1.64      1.32      0.57
   149/299   0.0021G      1.32      1.98     0.594      3.89        30       480     0.392     0.682     0.543     0.493      1.64      1.32      0.57
   150/299   0.0021G      1.31      2.01     0.587      3.91        39       320     0.392     0.682     0.543     0.492      1.64      1.32     0.569
   151/299   0.0021G       1.3      2.01     0.582      3.89        27       640     0.392     0.681     0.544     0.492      1.64      1.32     0.569
   152/299   0.0021G      1.31      1.96      0.58      3.85        27       640     0.393     0.682     0.544     0.493      1.64      1.32     0.568
   153/299   0.0021G       1.3      2.03     0.587      3.92        27       352     0.393     0.682     0.544     0.494      1.64      1.32     0.568
   154/299   0.0021G       1.3      1.96      0.57      3.84        40       448     0.393     0.682     0.544     0.494      1.63      1.32     0.567
   155/299   0.0021G       1.3      1.93     0.564       3.8        34       512     0.394     0.683     0.545     0.494      1.63      1.32     0.567
   156/299   0.0021G      1.29      1.96     0.572      3.83        39       352     0.394     0.684     0.545     0.495      1.63      1.31     0.566
   157/299   0.0021G       1.3      1.98     0.569      3.84        24       640     0.394     0.683     0.545     0.494      1.63      1.31     0.566
   158/299   0.0021G       1.3      1.95     0.563      3.81        28       352     0.394     0.683     0.546     0.494      1.63      1.31     0.566
   159/299   0.0021G       1.3      2.01     0.561      3.86        29       448     0.394     0.682     0.546     0.494      1.63      1.31     0.565
   160/299   0.0021G      1.29      2.02     0.564      3.87        30       320     0.393     0.683     0.546     0.494      1.63      1.31     0.565
   161/299   0.0021G      1.29         2     0.566      3.86        14       576     0.394     0.683     0.546     0.494      1.63      1.31     0.565
   162/299   0.0021G       1.3      1.96     0.569      3.83        33       640     0.394     0.683     0.546     0.495      1.63      1.31     0.565
   163/299   0.0021G      1.29      1.96     0.549       3.8        29       480     0.394     0.683     0.546     0.495      1.63      1.31     0.565
   164/299   0.0021G      1.29      1.97     0.556      3.81        17       640     0.395     0.684     0.547     0.496      1.63      1.31     0.565
   165/299   0.0021G      1.28      1.99     0.553      3.83        21       448     0.394     0.684     0.547     0.495      1.63      1.31     0.565
   166/299   0.0021G      1.27      1.96     0.544      3.77        30       576     0.394     0.684     0.547     0.495      1.63      1.31     0.564
   167/299   0.0021G      1.28         2     0.536      3.81        25       640     0.394     0.685     0.548     0.495      1.63      1.31     0.564
   168/299   0.0021G      1.28      1.98     0.543       3.8        25       416     0.395     0.685     0.548     0.496      1.63      1.31     0.564
   169/299   0.0021G      1.27      1.93     0.534      3.73        28       384     0.394     0.685     0.548     0.495      1.63      1.31     0.565
   170/299   0.0021G      1.27      1.89     0.529      3.69        25       576     0.395     0.685     0.548     0.496      1.63       1.3     0.564
   171/299   0.0021G      1.27      1.95     0.524      3.74        22       640     0.395     0.683      0.55     0.496      1.63       1.3     0.564
   172/299   0.0021G      1.27       1.9     0.521      3.69        32       608     0.397     0.683     0.549     0.497      1.63       1.3     0.564
   173/299   0.0021G      1.27      1.96     0.537      3.77        17       352     0.397     0.683     0.549     0.497      1.63       1.3     0.564
   174/299   0.0021G      1.26      1.96     0.533      3.75        42       576     0.397     0.684     0.549     0.497      1.63       1.3     0.564
   175/299   0.0021G      1.26      1.94     0.516      3.71        24       352     0.397     0.683     0.549     0.497      1.63       1.3     0.564
   176/299   0.0021G      1.25      1.95      0.52      3.72        36       352     0.398     0.683     0.549     0.498      1.63       1.3     0.564
   177/299   0.0021G      1.25      1.93     0.525      3.71        29       448     0.398     0.683     0.549     0.498      1.63       1.3     0.564
   178/299   0.0021G      1.24      1.99     0.513      3.74        32       480     0.398     0.683     0.549     0.498      1.63       1.3     0.564
   179/299   0.0021G      1.25      1.97     0.515      3.74        26       320     0.398     0.683     0.549     0.498      1.63       1.3     0.564
   180/299   0.0021G      1.25      1.92      0.51      3.68        35       480     0.398     0.684     0.549     0.499      1.63       1.3     0.564
   181/299   0.0021G      1.24      1.94     0.505      3.69        33       416     0.399     0.684      0.55     0.499      1.63       1.3     0.563
   182/299   0.0021G      1.24      1.95     0.506       3.7        29       320     0.399     0.683      0.55     0.499      1.63       1.3     0.563
   183/299   0.0021G      1.24      1.93     0.501      3.67        23       480       0.4     0.683      0.55       0.5      1.63       1.3     0.563
   184/299   0.0021G      1.25      1.85     0.503       3.6        39       352       0.4     0.684     0.551       0.5      1.63       1.3     0.562
   185/299   0.0021G      1.23      1.91     0.493      3.63        26       512       0.4     0.683     0.551       0.5      1.63       1.3     0.562
   186/299   0.0021G      1.23      1.94       0.5      3.66        32       576     0.401     0.683     0.551       0.5      1.63       1.3     0.562
   187/299   0.0021G      1.22      1.94      0.49      3.65        24       576       0.4     0.683     0.551       0.5      1.63       1.3     0.562
   188/299   0.0021G      1.23      1.92     0.491      3.64        34       608       0.4     0.682     0.551     0.499      1.63       1.3     0.561
   189/299   0.0021G      1.22      1.93     0.495      3.65        29       576       0.4     0.683     0.551       0.5      1.63       1.3     0.561
   190/299   0.0021G      1.22      1.91     0.495      3.62        22       640     0.401     0.682     0.551       0.5      1.63      1.29     0.561
   191/299   0.0021G      1.22      1.94     0.491      3.65        50       352     0.401     0.682     0.551       0.5      1.63      1.29     0.561
   192/299   0.0021G      1.22      1.94     0.478      3.63        29       576     0.401     0.682     0.551       0.5      1.63      1.29     0.561
   193/299   0.0021G      1.21      1.92     0.477      3.61        32       608     0.402     0.682     0.551     0.501      1.63      1.29     0.561
   194/299   0.0021G      1.21      1.89     0.471      3.57        29       544     0.402     0.683     0.551     0.501      1.63      1.29     0.561
   195/299   0.0021G      1.22      1.89     0.475      3.58        33       352     0.402     0.682     0.552     0.501      1.63      1.29     0.561
   196/299   0.0021G      1.21      1.86      0.47      3.54        26       576     0.402     0.682     0.552     0.501      1.63      1.29     0.561
   197/299   0.0021G       1.2      1.91     0.461      3.56        33       448     0.403     0.684     0.552     0.502      1.63      1.29     0.561
   198/299   0.0021G       1.2      1.87     0.466      3.54        22       416     0.403     0.683     0.552     0.502      1.63      1.29     0.561
   199/299   0.0021G      1.21      1.88     0.463      3.55        25       352     0.404     0.684     0.552     0.503      1.63      1.29     0.561
   200/299   0.0021G       1.2      1.86     0.457      3.51        42       544     0.404     0.683     0.552     0.503      1.63      1.29     0.561
   201/299   0.0021G       1.2      1.83     0.458      3.48        32       608     0.405     0.684     0.552     0.503      1.63      1.29     0.561
   202/299   0.0021G       1.2      1.88     0.464      3.55        31       448     0.406     0.684     0.553     0.504      1.63      1.29      0.56
   203/299   0.0021G      1.19      1.88     0.461      3.53        31       320     0.405     0.683     0.553     0.504      1.63      1.29      0.56
   204/299   0.0021G      1.18       1.9     0.452      3.53        24       320     0.405     0.683     0.553     0.504      1.63      1.29     0.561
   205/299   0.0021G      1.18      1.89     0.451      3.52        39       384     0.405     0.683     0.553     0.503      1.63      1.29     0.561
   206/299   0.0021G      1.19      1.86      0.45       3.5        26       640     0.405     0.684     0.553     0.504      1.63      1.29     0.561
   207/299   0.0021G      1.19      1.88     0.457      3.53        33       608     0.405     0.683     0.552     0.504      1.63      1.29     0.561
   208/299   0.0021G      1.18      1.84     0.446      3.47        21       576     0.405     0.682     0.553     0.503      1.63      1.29     0.561
   209/299   0.0021G      1.17      1.83     0.431      3.44        28       640     0.405     0.682     0.553     0.503      1.63      1.29     0.562
   210/299   0.0021G      1.17      1.84     0.433      3.45        22       512     0.406     0.683     0.553     0.504      1.63      1.29     0.562
   211/299   0.0021G      1.17      1.89     0.435      3.49        30       480     0.406     0.682     0.553     0.504      1.63      1.29     0.563
   212/299   0.0021G      1.16      1.84     0.424      3.43        33       576     0.406     0.682     0.552     0.504      1.63      1.29     0.563
   213/299   0.0021G      1.17      1.85     0.431      3.45        33       320     0.406     0.682     0.552     0.505      1.63      1.29     0.563
   214/299   0.0021G      1.17      1.81     0.428      3.41        28       416     0.407     0.682     0.553     0.505      1.63      1.29     0.564
   215/299   0.0021G      1.15      1.85     0.427      3.43        27       576     0.407     0.682     0.553     0.505      1.63      1.29     0.564
   216/299   0.0021G      1.16       1.8     0.428      3.38        26       352     0.408     0.684     0.553     0.506      1.63      1.28     0.564
   217/299   0.0021G      1.16      1.82     0.421       3.4        30       544     0.408     0.683     0.553     0.507      1.63      1.28     0.565
   218/299   0.0021G      1.15      1.84     0.419      3.42        36       352     0.409     0.684     0.553     0.507      1.63      1.28     0.565
   219/299   0.0021G      1.15      1.81     0.411      3.38        27       384      0.41     0.683     0.553     0.507      1.63      1.28     0.565
   220/299   0.0021G      1.15      1.82     0.414      3.39        22       416      0.41     0.683     0.553     0.507      1.63      1.28     0.565
   221/299   0.0021G      1.15      1.82     0.413      3.38        25       448     0.409     0.682     0.553     0.507      1.63      1.28     0.565
   222/299   0.0021G      1.15      1.87     0.419      3.43        20       448     0.409     0.682     0.553     0.506      1.63      1.28     0.565
   223/299   0.0021G      1.14      1.82     0.406      3.37        23       512     0.409     0.681     0.553     0.507      1.63      1.28     0.565
   224/299   0.0021G      1.14      1.85     0.412       3.4        25       384      0.41     0.681     0.553     0.507      1.63      1.28     0.566
   225/299   0.0021G      1.14      1.82     0.403      3.36        23       352      0.41     0.681     0.553     0.508      1.63      1.28     0.566
   226/299   0.0021G      1.15      1.79     0.412      3.36        20       480     0.411     0.681     0.553     0.508      1.63      1.28     0.566
   227/299   0.0021G      1.14      1.81     0.402      3.34        27       480      0.41     0.681     0.553     0.507      1.63      1.28     0.567
   228/299   0.0021G      1.12       1.8     0.389      3.32        36       384     0.411     0.681     0.554     0.508      1.63      1.28     0.567
   229/299   0.0021G      1.13      1.83     0.396      3.36        26       608     0.411     0.681     0.554     0.508      1.63      1.28     0.568
   230/299   0.0021G      1.13      1.79     0.388       3.3        24       416     0.411     0.681     0.554     0.508      1.63      1.28     0.568
   231/299   0.0021G      1.13      1.81     0.392      3.33        34       320     0.411     0.681     0.554     0.508      1.63      1.28     0.568
   232/299   0.0021G      1.12      1.79      0.39       3.3        28       352     0.411     0.681     0.554     0.508      1.63      1.28     0.569
   233/299   0.0021G      1.13      1.76     0.383      3.27        21       352     0.411      0.68     0.554     0.507      1.63      1.28     0.569
   234/299   0.0021G      1.13      1.77     0.384      3.28        17       416     0.411     0.679     0.554     0.508      1.63      1.28      0.57
   235/299   0.0021G      1.11      1.79     0.379      3.28        31       352     0.412     0.678     0.554     0.508      1.63      1.28      0.57
   236/299   0.0021G      1.11      1.76     0.379      3.25        24       448     0.413     0.679     0.554     0.509      1.63      1.28      0.57
   237/299   0.0021G      1.12      1.77     0.386      3.27        28       576     0.414     0.679     0.555     0.509      1.63      1.28      0.57
   238/299   0.0021G      1.11      1.79     0.379      3.28        23       320     0.414     0.679     0.554     0.509      1.63      1.28     0.571
   239/299   0.0021G       1.1      1.76     0.371      3.23        54       384     0.414     0.679     0.554      0.51      1.63      1.28     0.571
   240/299   0.0021G       1.1      1.79      0.37      3.26        24       544     0.414     0.679     0.554     0.509      1.63      1.28     0.571
   241/299   0.0021G      1.09      1.78      0.36      3.23        35       448     0.414     0.678     0.554     0.509      1.63      1.28     0.572
   242/299   0.0021G       1.1      1.78     0.359      3.24        27       320     0.414     0.678     0.554     0.509      1.63      1.28     0.572
   243/299   0.0021G      1.09       1.8     0.373      3.26        22       512     0.414     0.678     0.554     0.509      1.63      1.28     0.573
   244/299   0.0021G       1.1      1.76     0.365      3.22        36       576     0.414     0.678     0.554     0.509      1.64      1.28     0.574
   245/299   0.0021G      1.09      1.76     0.361      3.22        22       352     0.414     0.677     0.554     0.509      1.64      1.28     0.574
   246/299   0.0021G      1.08       1.8      0.36      3.24        24       544     0.414     0.678     0.554     0.509      1.64      1.28     0.575
   247/299   0.0021G      1.09      1.75     0.364       3.2        29       416     0.414     0.677     0.554     0.509      1.64      1.28     0.575
   248/299   0.0021G      1.08      1.79     0.364      3.23        22       512     0.413     0.677     0.554     0.509      1.64      1.28     0.576
   249/299   0.0021G      1.08       1.8     0.354      3.23        30       640     0.412     0.677     0.553     0.508      1.64      1.28     0.576
   250/299   0.0021G      1.08      1.75     0.361       3.2        32       352     0.413     0.677     0.553     0.508      1.64      1.28     0.577
   251/299   0.0021G      1.08      1.74     0.362      3.18        30       512     0.413     0.677     0.553     0.508      1.64      1.28     0.578
   252/299   0.0021G      1.07      1.75     0.355      3.18        25       576     0.413     0.677     0.553     0.508      1.64      1.28     0.578
   253/299   0.0021G      1.08      1.71     0.348      3.14        35       640     0.413     0.676     0.553     0.508      1.64      1.28     0.579
   254/299   0.0021G      1.07      1.72     0.341      3.13        23       512     0.414     0.676     0.553     0.508      1.64      1.28     0.579
   255/299   0.0021G      1.07      1.75     0.347      3.17        27       640     0.414     0.676     0.553     0.509      1.64      1.28     0.579
   256/299   0.0021G      1.06      1.76     0.346      3.17        25       544     0.415     0.677     0.553      0.51      1.64      1.28     0.579
   257/299   0.0021G      1.07      1.73     0.342      3.14        28       448     0.415     0.677     0.553      0.51      1.64      1.28      0.58
   258/299   0.0021G      1.07      1.75     0.336      3.16        30       480     0.415     0.677     0.553      0.51      1.64      1.28      0.58
   259/299   0.0021G      1.06      1.69     0.338      3.09        24       608     0.415     0.677     0.553      0.51      1.64      1.28     0.581
   260/299   0.0021G      1.06      1.71      0.34      3.11        37       384     0.416     0.676     0.553      0.51      1.64      1.28     0.581
   261/299   0.0021G      1.05      1.73     0.334      3.11        30       416     0.416     0.676     0.553      0.51      1.64      1.28     0.581
   262/299   0.0021G      1.05      1.72     0.333      3.11        23       320     0.416     0.677     0.553     0.511      1.64      1.28     0.582
   263/299   0.0021G      1.06      1.71     0.336       3.1        21       608     0.416     0.676     0.553      0.51      1.64      1.28     0.582
   264/299   0.0021G      1.06      1.72     0.338      3.11        31       352     0.417     0.677     0.553     0.511      1.64      1.28     0.582
   265/299   0.0021G      1.05      1.72     0.333       3.1        34       640     0.417     0.677     0.553     0.511      1.64      1.28     0.583
   266/299   0.0021G      1.05      1.69     0.326      3.06        27       512     0.417     0.677     0.553     0.512      1.64      1.28     0.583
   267/299   0.0021G      1.05      1.71     0.324      3.08        22       352     0.417     0.676     0.554     0.511      1.64      1.28     0.584
   268/299   0.0021G      1.05      1.73     0.327      3.11        23       384     0.418     0.676     0.554     0.512      1.64      1.28     0.584
   269/299   0.0021G      1.05      1.65      0.33      3.03        23       320     0.418     0.676     0.554     0.512      1.64      1.28     0.584
   270/299   0.0021G      1.04       1.7      0.32      3.06        28       576     0.419     0.676     0.554     0.513      1.64      1.28     0.585
   271/299   0.0021G      1.04      1.72     0.325      3.09        23       352     0.419     0.677     0.554     0.512      1.64      1.29     0.585
   272/299   0.0021G      1.03      1.69      0.32      3.04        34       352     0.419     0.677     0.554     0.512      1.64      1.29     0.586
   273/299   0.0021G      1.05      1.67     0.321      3.04        33       640     0.419     0.676     0.554     0.512      1.64      1.29     0.586
   274/299   0.0021G      1.04      1.73     0.321      3.09        28       352     0.418     0.675     0.554     0.512      1.64      1.29     0.587
   275/299   0.0021G      1.04      1.71     0.312      3.06        20       544     0.418     0.675     0.554     0.511      1.64      1.29     0.587
   276/299   0.0021G      1.04      1.66     0.312      3.01        25       512     0.417     0.675     0.554     0.511      1.65      1.29     0.588
   277/299   0.0021G      1.03      1.73     0.311      3.07        16       384     0.417     0.675     0.554      0.51      1.65      1.29     0.588
   278/299   0.0021G      1.03      1.71      0.31      3.05        24       384     0.416     0.674     0.554      0.51      1.65      1.29     0.589
   279/299   0.0021G      1.04      1.64     0.308      2.98        27       384     0.417     0.674     0.554      0.51      1.65      1.29     0.589
   280/299   0.0021G      1.03       1.7     0.314      3.05        28       576     0.416     0.675     0.554      0.51      1.65      1.29      0.59
   281/299   0.0021G      1.04      1.67     0.311      3.02        23       320     0.416     0.675     0.554      0.51      1.65      1.29      0.59
   282/299   0.0021G      1.02       1.7     0.318      3.04        26       384     0.416     0.675     0.554      0.51      1.65      1.29     0.591
   283/299   0.0021G      1.02      1.68      0.31      3.02        24       544     0.416     0.675     0.554      0.51      1.65      1.29     0.591
   284/299   0.0021G      1.04      1.69     0.317      3.04        27       352     0.416     0.675     0.554      0.51      1.65      1.29     0.592
   285/299   0.0021G      1.03      1.67     0.306      3.01        42       480     0.416     0.675     0.553      0.51      1.65      1.29     0.593
   286/299   0.0021G      1.03      1.66     0.308         3        25       480     0.416     0.674     0.553      0.51      1.65      1.29     0.593
   287/299   0.0021G      1.02      1.65     0.305      2.98        40       352     0.417     0.675     0.553     0.511      1.65      1.29     0.594
   288/299   0.0021G      1.03      1.67       0.3      2.99        21       320     0.417     0.675     0.553     0.511      1.65      1.29     0.595
   289/299   0.0021G      1.02      1.67     0.307         3        21       544     0.416     0.674     0.553      0.51      1.65      1.29     0.595
   290/299   0.0021G      1.01      1.71      0.31      3.03        21       640     0.416     0.674     0.553      0.51      1.65      1.29     0.596
   291/299   0.0021G      1.02      1.69     0.305      3.02        25       544     0.416     0.674     0.553      0.51      1.65      1.29     0.597
   292/299   0.0021G      1.02      1.65     0.299      2.96        26       544     0.416     0.673     0.553      0.51      1.65      1.29     0.598
   293/299   0.0021G      1.02      1.66     0.294      2.97        29       544     0.416     0.673     0.553      0.51      1.65      1.29     0.599
   294/299   0.0021G      1.02      1.68     0.299         3        38       512     0.416     0.673     0.552      0.51      1.65      1.29     0.599
   295/299   0.0021G      1.01      1.67       0.3      2.98        26       608     0.416     0.673     0.552      0.51      1.65       1.3       0.6
   296/299   0.0021G      1.01      1.65       0.3      2.96        32       640     0.415     0.672     0.552     0.509      1.65       1.3     0.601
   297/299   0.0021G      1.02      1.61     0.291      2.92        29       544     0.416     0.672     0.552     0.509      1.65       1.3     0.602
   298/299   0.0021G      1.02      1.68     0.307      3.01        25       640     0.416     0.671     0.552     0.509      1.65       1.3     0.602
   299/299   0.0021G      1.01      1.64     0.297      2.95        31       544     0.416     0.672     0.552     0.509      1.65       1.3     0.603
