     0/299        0G      3.48      5.18      4.01      12.7        26       480         0         0  3.29e-05         0      4.12       2.3       3.3
     1/299        0G      2.77      3.57      2.95      9.29        24       576         0         0  1.79e-05         0      4.16      1.77       3.3
     2/299        0G      2.58      2.97      2.65       8.2        31       608         0         0         0         0      4.18      1.24      3.36
     3/299        0G       2.4      2.65      2.35      7.41        16       384         0         0  4.03e-06         0      4.19      1.23      3.37
     4/299   0.0021G      2.26      2.66      2.16      7.08        22       576         0         0         0         0      4.19      1.23       3.4
     5/299        0G      2.15      2.57      2.03      6.76        23       640         0         0  4.44e-06         0      4.09      1.26      3.38
     6/299   0.0021G      2.09      2.57      1.92      6.58        27       576         0         0  2.38e-05         0      4.12      1.24      3.38
     7/299   0.0021G      2.04      2.52      1.81      6.37        31       384         0         0  0.000152         0      3.98      1.29      3.32
     8/299   0.0021G      1.99      2.54      1.73      6.26        19       608       0.2  0.000354   0.00262  0.000705       3.9      1.27      3.28
     9/299   0.0021G      1.95      2.49      1.67      6.12        31       480      0.05  0.000148   0.00179  0.000296      3.75      1.36      3.25
    10/299        0G      1.91      2.45       1.6      5.97        26       448      0.05  4.16e-05     0.003  8.32e-05      3.74      1.32      3.24
    11/299   0.0021G      1.89      2.43      1.54      5.86        42       640      0.05  4.16e-05   0.00565  8.32e-05      3.63      1.37       3.3
    12/299        0G      1.86      2.45       1.5      5.81        34       512      0.25  0.000527    0.0179   0.00105      3.48      1.34      2.99
    13/299   0.0021G      1.83       2.5      1.47       5.8        30       608      0.15  0.000313    0.0166  0.000624      3.48      1.38      3.18
    14/299   0.0021G      1.82      2.43      1.42      5.67        21       608      0.25  0.000895    0.0178   0.00178      3.36       1.4      3.03
    15/299   0.0021G       1.8      2.44      1.37      5.61        34       480      0.35  0.000739     0.023   0.00147       3.1      1.44      2.97
    16/299   0.0021G      1.76      2.46      1.35      5.57        25       512     0.366   0.00102    0.0326   0.00203      3.15      1.42      2.78
    17/299        0G      1.75      2.39      1.32      5.47        31       416     0.292   0.00161    0.0475   0.00319      3.07      1.41      2.98
    18/299   0.0021G      1.74      2.37       1.3       5.4        31       416     0.475   0.00444    0.0651   0.00866      2.94      1.37       2.7
    19/299   0.0021G      1.72      2.39      1.26      5.37        17       640     0.448   0.00413     0.062   0.00806      2.93      1.39      2.97
    20/299   0.0021G      1.71       2.4      1.26      5.36        15       576      0.56    0.0108    0.0755    0.0205      2.88       1.4      2.97
    21/299   0.0021G      1.69      2.35      1.23      5.26        27       576     0.515    0.0111    0.0874    0.0209       2.8       1.4      2.88
    22/299   0.0021G      1.68      2.36       1.2      5.24        27       576     0.432    0.0178    0.0786    0.0326      2.79      1.38      2.65
    23/299   0.0021G      1.67      2.36      1.18      5.22        22       384     0.547    0.0279     0.107    0.0492      2.66      1.41      2.47
    24/299   0.0021G      1.66      2.26      1.16      5.07        36       384       0.5     0.026    0.0901    0.0456      2.69      1.46      2.61
    25/299   0.0021G      1.64       2.3      1.14      5.09        29       512     0.433    0.0314    0.0906    0.0514      2.65      1.47      3.18
    26/299   0.0021G      1.63      2.37      1.13      5.13        31       512     0.464     0.039     0.114    0.0678      2.59      1.43      2.43
    27/299   0.0021G      1.62      2.31       1.1      5.02        27       384     0.521    0.0363     0.103    0.0566       2.6      1.48      2.52
    28/299   0.0021G       1.6      2.34       1.1      5.05        28       448      0.52    0.0672     0.129     0.102      2.48      1.43       2.3
    29/299   0.0021G      1.61      2.31      1.08         5        24       448      0.49    0.0817     0.163     0.122      2.46       1.4      2.16
    30/299   0.0021G      1.59      2.34      1.06      4.99        45       384      0.52     0.107     0.192     0.161      2.38      1.38      1.84
    31/299   0.0021G      1.59      2.29      1.05      4.92        33       576     0.496     0.122     0.209     0.176       2.3      1.39      1.68
    32/299   0.0021G      1.57      2.31      1.04      4.92        26       416     0.506     0.106     0.188     0.155      2.34      1.45      2.14
    33/299   0.0021G      1.58      2.21      1.02      4.81        24       384     0.521      0.13     0.204      0.18      2.32       1.4      1.93
    34/299   0.0021G      1.56      2.22     0.999      4.78        23       512     0.555     0.136     0.237     0.196      2.21      1.37      1.75
    35/299   0.0021G      1.56      2.29     0.998      4.84        37       640     0.503     0.153     0.224     0.207      2.25       1.4      1.77
    36/299   0.0021G      1.55      2.28     0.984      4.81        23       448     0.522     0.187     0.264     0.256      2.15      1.37      1.48
    37/299   0.0021G      1.54       2.3     0.981      4.82        26       448     0.568     0.167     0.254     0.234      2.18      1.37      1.66
    38/299   0.0021G      1.53      2.29     0.968      4.79        47       448     0.526     0.181     0.242      0.24      2.26      1.43      1.75
    39/299   0.0021G      1.53      2.25     0.946      4.72        26       640     0.554     0.158      0.24     0.228      2.29      1.41      1.63
    40/299   0.0021G      1.52      2.24     0.937       4.7        20       608     0.536     0.215     0.282     0.285      2.16      1.38      1.41
    41/299   0.0021G      1.52      2.24     0.931      4.69        29       384     0.535     0.248     0.306     0.317       2.1      1.35      1.38
    42/299        0G       1.5      2.27     0.918      4.69        38       544     0.532     0.243     0.291     0.303      2.15      1.36      1.49
    43/299   0.0021G       1.5      2.19     0.909       4.6        23       512     0.538      0.25     0.302     0.314      2.15      1.37      1.42
    44/299        0G       1.5      2.21     0.892       4.6        23       352     0.546     0.251       0.3     0.311      2.18      1.39      1.41
    45/299   0.0021G      1.49      2.22     0.885      4.59        28       544     0.532     0.264     0.299     0.317      2.16       1.4      1.37
    46/299   0.0021G      1.48      2.23     0.876      4.59        20       416      0.54     0.268     0.302     0.317      2.16       1.4      1.38
    47/299   0.0021G      1.48      2.21     0.875      4.56        17       416     0.515     0.291     0.317     0.333      2.12       1.4      1.33
    48/299   0.0021G      1.47      2.23     0.871      4.57        25       384     0.492      0.31     0.326     0.345      2.08      1.39       1.3
    49/299   0.0021G      1.47       2.2     0.852      4.52        36       448     0.493     0.316     0.326     0.348      2.08      1.38      1.32
    50/299   0.0021G      1.46      2.23      0.84      4.53        24       640     0.481     0.339      0.34     0.362      2.04      1.37      1.28
    51/299   0.0021G      1.46      2.16     0.833      4.45        36       416     0.473     0.356     0.347     0.373      2.02      1.37      1.23
    52/299   0.0021G      1.46      2.14     0.831      4.42        35       512     0.477     0.363     0.355     0.382      2.01      1.36      1.21
    53/299   0.0021G      1.45      2.13     0.824      4.41        40       416     0.474     0.361     0.353     0.382      2.03      1.36       1.2
    54/299   0.0021G      1.44      2.15     0.806       4.4        29       608     0.479     0.363     0.356     0.385      2.04      1.36       1.2
    55/299        0G      1.44      2.16     0.814      4.41        22       320     0.487      0.35     0.352     0.378      2.05      1.36      1.23
    56/299   0.0021G      1.44      2.19     0.802      4.43        26       352     0.489     0.349     0.352     0.377      2.06      1.36      1.23
    57/299   0.0021G      1.44      2.13     0.788      4.36        28       608     0.494     0.344     0.346     0.377      2.08      1.37      1.26
    58/299   0.0021G      1.43      2.15     0.798      4.37        28       576      0.49     0.355     0.352     0.384      2.08      1.38      1.24
    59/299   0.0021G      1.42      2.21     0.776       4.4        26       320      0.49     0.362     0.356      0.39      2.07      1.38      1.21
    60/299   0.0021G      1.43      2.19     0.791      4.42        51       384      0.48     0.378     0.367       0.4      2.04      1.37      1.16
    61/299   0.0021G      1.43      2.13     0.781      4.34        26       608     0.478     0.383     0.369     0.403      2.03      1.37      1.15
    62/299   0.0021G      1.41      2.14     0.774      4.33        26       416     0.487     0.388     0.372     0.408      2.03      1.37      1.14
    63/299   0.0021G       1.4      2.15     0.754       4.3        18       416     0.481     0.388     0.374     0.407      2.03      1.37      1.14
    64/299   0.0021G       1.4      2.16      0.75      4.31        20       544     0.484     0.391     0.375     0.408      2.03      1.37      1.14
    65/299   0.0021G       1.4      2.14     0.753       4.3        17       448      0.48     0.396     0.378      0.41      2.02      1.37      1.13
    66/299   0.0021G       1.4      2.14     0.747      4.28        33       608     0.477     0.398     0.378     0.411      2.02      1.37      1.12
    67/299   0.0021G      1.39      2.11     0.739      4.24        27       448     0.475       0.4     0.379     0.411      2.02      1.37      1.12
    68/299   0.0021G      1.39       2.1     0.735      4.22        19       544     0.475     0.407     0.382     0.415      2.01      1.37      1.11
    69/299   0.0021G      1.39      2.16     0.727      4.28        26       320     0.468     0.409     0.383     0.414      2.01      1.37      1.11
    70/299   0.0021G      1.38      2.12     0.709      4.21        45       448     0.467     0.413     0.383     0.415      2.01      1.38       1.1
    71/299   0.0021G      1.38      2.12     0.715      4.21        40       608     0.463     0.413     0.382     0.415      2.01      1.38      1.11
    72/299   0.0021G      1.37      2.12     0.695      4.19        35       416     0.462     0.412     0.381     0.414      2.01      1.37      1.11
    73/299   0.0021G      1.38      2.14     0.703      4.22        25       544     0.462     0.411      0.38     0.413      2.01      1.38      1.11
    74/299   0.0021G      1.37      2.12     0.711       4.2        27       384     0.461     0.414     0.381     0.415      2.01      1.38      1.11
    75/299   0.0021G      1.37      2.13     0.687      4.19        36       512     0.463     0.416     0.381     0.416      2.01      1.38      1.11
    76/299   0.0021G      1.36      2.15     0.686      4.19        35       416      0.46     0.419     0.381     0.416      2.01      1.38      1.11
    77/299   0.0021G      1.36      2.08     0.675      4.12        36       448     0.462     0.424     0.383      0.42      2.01      1.38      1.11
    78/299   0.0021G      1.35       2.1     0.671      4.12        28       416     0.458     0.428     0.386     0.421         2      1.38       1.1
    79/299   0.0021G      1.35      2.12     0.688      4.16        41       352     0.455     0.431     0.388     0.422      1.99      1.38      1.09
    80/299   0.0021G      1.35      2.08     0.666       4.1        34       576     0.452     0.438     0.391     0.425      1.99      1.38      1.08
    81/299   0.0021G      1.35      2.09     0.662       4.1        26       352     0.449     0.441     0.393     0.425      1.98      1.38      1.07
    82/299   0.0021G      1.35      2.03     0.661      4.05        28       608     0.446     0.447     0.396     0.427      1.97      1.38      1.06
    83/299   0.0021G      1.35      2.06     0.655      4.06        25       416     0.445     0.453       0.4      0.43      1.96      1.38      1.05
    84/299   0.0021G      1.34      2.06     0.645      4.04        26       384     0.442     0.456     0.402     0.431      1.96      1.37      1.04
    85/299   0.0021G      1.33      2.11     0.654       4.1        33       448     0.443     0.461     0.403     0.434      1.95      1.37      1.03
    86/299   0.0021G      1.34      2.04     0.651      4.02        28       576     0.441     0.462     0.405     0.434      1.95      1.37      1.03
    87/299   0.0021G      1.32      2.06     0.631      4.01        25       544      0.44     0.465     0.406     0.434      1.94      1.37      1.03
    88/299   0.0021G      1.32      2.06     0.625         4        35       416      0.44     0.467     0.408     0.436      1.94      1.37      1.03
    89/299   0.0021G      1.33      2.05      0.63      4.01        18       416     0.438     0.471      0.41     0.437      1.94      1.37      1.02
    90/299   0.0021G      1.32      2.05     0.622      3.99        27       608     0.437     0.475     0.411     0.438      1.93      1.37      1.01
    91/299   0.0021G      1.31      2.05     0.617      3.98        27       384     0.437     0.479     0.412      0.44      1.93      1.37      1.01
    92/299   0.0021G      1.32      2.06     0.631      4.01        29       320     0.436      0.48     0.414      0.44      1.92      1.37         1
    93/299   0.0021G      1.32         2     0.616      3.93        21       576     0.436     0.487     0.417     0.443      1.92      1.37     0.992
    94/299   0.0021G      1.31      2.06     0.614      3.99        27       512     0.434     0.488     0.417     0.442      1.92      1.37     0.992
    95/299   0.0021G      1.31      2.02     0.612      3.94        39       320     0.433      0.49     0.418     0.443      1.91      1.37     0.988
    96/299   0.0021G      1.31      2.01     0.609      3.93        20       352     0.431     0.493     0.419     0.443      1.91      1.37     0.981
    97/299   0.0021G      1.31      1.99     0.607      3.91        31       608     0.427     0.497     0.421     0.443       1.9      1.37     0.971
    98/299   0.0021G      1.31      2.02     0.587      3.92        24       544     0.426     0.504     0.423     0.445      1.89      1.37     0.961
    99/299   0.0021G       1.3      2.01     0.598      3.91        24       608     0.424     0.507     0.425     0.446      1.89      1.37     0.953
   100/299   0.0021G       1.3      2.04     0.595      3.93        34       320     0.421     0.511     0.427     0.446      1.88      1.37     0.944
   101/299   0.0021G       1.3      1.97     0.586      3.86        39       384     0.419     0.515     0.429     0.447      1.88      1.37     0.934
   102/299   0.0021G      1.29      2.04     0.588      3.92        34       352     0.418     0.518      0.43     0.448      1.87      1.37     0.929
   103/299   0.0021G      1.28      2.05     0.581      3.92        28       448     0.416     0.522     0.431     0.448      1.87      1.37     0.923
   104/299   0.0021G      1.29      1.95     0.573      3.81        34       512     0.413     0.524     0.434     0.448      1.86      1.37     0.916
   105/299   0.0021G      1.28      2.01     0.575      3.87        25       512     0.414     0.527     0.434     0.449      1.86      1.37     0.912
   106/299   0.0021G      1.29      1.99     0.574      3.86        22       320     0.412     0.529     0.436     0.449      1.86      1.37     0.908
   107/299   0.0021G      1.28      2.01     0.567      3.86        25       352     0.412     0.534     0.438     0.451      1.85      1.37     0.903
   108/299   0.0021G      1.28      2.01     0.568      3.86        32       480     0.412     0.539     0.441     0.452      1.85      1.37     0.895
   109/299   0.0021G      1.28      2.04     0.565      3.88        37       384     0.412     0.543     0.443     0.454      1.84      1.37      0.89
   110/299   0.0021G      1.28      2.01     0.568      3.85        22       544      0.41     0.547     0.444     0.455      1.84      1.37     0.885
   111/299   0.0021G      1.27         2     0.553      3.82        23       544     0.409      0.55     0.445     0.455      1.83      1.37     0.879
   112/299   0.0021G      1.27      2.04      0.56      3.87        22       480     0.408     0.552     0.446     0.455      1.83      1.37     0.872
   113/299   0.0021G      1.27      2.03     0.555      3.85        35       544     0.407     0.557     0.448     0.456      1.82      1.37     0.865
   114/299   0.0021G      1.26         2     0.544       3.8        23       320     0.405     0.561     0.451     0.457      1.82      1.37     0.857
   115/299   0.0021G      1.27      1.97     0.542      3.79        24       416     0.404     0.567     0.452     0.458      1.81      1.37     0.851
   116/299   0.0021G      1.26      1.98     0.543      3.78        27       640     0.403     0.571     0.454     0.459      1.81      1.37     0.844
   117/299   0.0021G      1.26      2.03     0.547      3.84        18       640     0.404     0.573     0.456      0.46       1.8      1.37      0.84
   118/299   0.0021G      1.26      2.02     0.549      3.83        38       544     0.402     0.576     0.457     0.461       1.8      1.37     0.836
   119/299   0.0021G      1.25      1.94     0.519      3.71        21       384     0.401     0.581     0.459     0.462      1.79      1.37     0.828
   120/299   0.0021G      1.25      2.01     0.542       3.8        32       480     0.401     0.582     0.462     0.462      1.79      1.36     0.821
   121/299   0.0021G      1.24      1.96     0.511      3.72        42       544     0.399     0.586     0.463     0.464      1.79      1.36     0.819
   122/299   0.0021G      1.25      1.98     0.528      3.76        23       512     0.399     0.587     0.464     0.463      1.78      1.37     0.818
   123/299   0.0021G      1.25      1.97     0.525      3.74        30       384     0.397     0.589     0.466     0.463      1.78      1.37     0.812
   124/299   0.0021G      1.24         2     0.526      3.76        38       320     0.398     0.591     0.467     0.464      1.78      1.37     0.808
   125/299   0.0021G      1.23      1.96     0.509       3.7        29       448     0.397     0.595     0.469     0.465      1.78      1.37     0.802
   126/299   0.0021G      1.24      2.01     0.521      3.77        27       480     0.397     0.598     0.471     0.467      1.78      1.37     0.795
   127/299   0.0021G      1.23      1.99      0.52      3.74        26       352     0.394     0.598     0.473     0.465      1.77      1.36     0.789
   128/299   0.0021G      1.24      1.95     0.513       3.7        24       544     0.395     0.602     0.475     0.467      1.77      1.36     0.783
   129/299   0.0021G      1.24      1.91     0.515      3.67        36       448     0.394     0.604     0.476     0.467      1.77      1.36     0.778
   130/299   0.0021G      1.23      1.99     0.514      3.73        25       608     0.393     0.606     0.478     0.468      1.77      1.36     0.773
   131/299   0.0021G      1.23      1.93     0.508      3.67        25       544     0.391     0.606     0.479     0.466      1.76      1.36     0.767
   132/299   0.0021G      1.24      1.92     0.502      3.66        36       480     0.391     0.608      0.48     0.467      1.76      1.36     0.762
   133/299   0.0021G      1.23      1.96     0.506       3.7        26       576      0.39     0.611     0.482     0.467      1.76      1.36     0.757
   134/299   0.0021G      1.22      1.94     0.498      3.65        18       544      0.39     0.613     0.483     0.468      1.76      1.36     0.755
   135/299   0.0021G      1.22      1.95      0.49      3.67        28       576     0.388     0.613     0.484     0.467      1.76      1.36     0.754
   136/299   0.0021G      1.22      1.93       0.5      3.65        25       384     0.387     0.614     0.483     0.466      1.76      1.36     0.755
   137/299   0.0021G      1.21       1.9     0.496      3.61        27       640     0.387     0.615     0.484     0.467      1.76      1.36     0.752
   138/299   0.0021G      1.21      1.94     0.486      3.64        19       320     0.388     0.615     0.484     0.467      1.76      1.36     0.752
   139/299   0.0021G      1.21      1.95     0.484      3.65        26       416     0.389     0.617     0.486     0.469      1.75      1.36     0.748
   140/299   0.0021G      1.22      1.93     0.487      3.63        33       352     0.389     0.618     0.487     0.469      1.75      1.36     0.746
   141/299   0.0021G      1.22       1.9     0.476      3.59        29       512     0.391      0.62     0.488     0.471      1.75      1.36     0.745
   142/299   0.0021G      1.21      1.96     0.477      3.64        41       640     0.391     0.618     0.488     0.471      1.75      1.36     0.743
   143/299   0.0021G      1.21      1.88     0.478      3.56        24       480      0.39     0.619     0.489     0.471      1.75      1.36     0.739
   144/299   0.0021G      1.22      1.87      0.48      3.57        30       608      0.39     0.622     0.491     0.472      1.74      1.36     0.733
   145/299   0.0021G      1.21      1.93     0.479      3.62        29       640      0.39     0.624     0.492     0.472      1.74      1.36      0.73
   146/299   0.0021G      1.21      1.88     0.466      3.56        22       416      0.39     0.624     0.493     0.472      1.74      1.35     0.728
   147/299   0.0021G       1.2      1.88     0.452      3.54        25       640      0.39     0.626     0.494     0.473      1.74      1.35     0.725
   148/299   0.0021G       1.2      1.89     0.466      3.55        38       480     0.388     0.627     0.494     0.472      1.74      1.35     0.722
   149/299   0.0021G       1.2       1.9     0.472      3.57        30       480     0.388     0.629     0.496     0.473      1.73      1.35     0.718
   150/299   0.0021G      1.19      1.93     0.467      3.59        39       320      0.39     0.632     0.498     0.475      1.73      1.35     0.715
   151/299   0.0021G      1.19      1.92     0.462      3.57        27       640     0.389     0.632     0.498     0.474      1.73      1.35     0.714
   152/299   0.0021G      1.19      1.88      0.46      3.53        27       640     0.387     0.633     0.498     0.474      1.73      1.35     0.711
   153/299   0.0021G      1.19      1.95     0.463       3.6        27       352     0.388     0.635     0.499     0.475      1.73      1.35     0.708
   154/299   0.0021G      1.19      1.88     0.457      3.52        40       448     0.388     0.637     0.499     0.475      1.72      1.35     0.705
   155/299   0.0021G      1.19      1.85     0.451      3.49        34       512     0.388     0.638     0.501     0.476      1.72      1.35       0.7
   156/299   0.0021G      1.18      1.88     0.455      3.51        39       352     0.387      0.64     0.503     0.475      1.72      1.34     0.696
   157/299   0.0021G      1.18       1.9     0.453      3.53        24       640     0.386     0.641     0.503     0.476      1.72      1.34     0.695
   158/299   0.0021G      1.19      1.87     0.448       3.5        28       352     0.386     0.639     0.503     0.475      1.72      1.34     0.695
   159/299   0.0021G      1.18      1.92     0.448      3.55        29       448     0.385      0.64     0.503     0.474      1.72      1.34     0.693
   160/299   0.0021G      1.17      1.93     0.449      3.55        30       320     0.386     0.643     0.504     0.476      1.72      1.34     0.691
   161/299   0.0021G      1.18      1.92     0.445      3.54        14       576     0.386     0.643     0.504     0.475      1.71      1.34      0.69
   162/299   0.0021G      1.18      1.87     0.453       3.5        33       640     0.386     0.643     0.505     0.476      1.71      1.34     0.689
   163/299   0.0021G      1.17      1.88     0.441       3.5        29       480     0.384     0.643     0.505     0.475      1.71      1.34     0.689
   164/299   0.0021G      1.17      1.88     0.441      3.49        17       640     0.383     0.644     0.506     0.474      1.71      1.34     0.686
   165/299   0.0021G      1.18       1.9     0.437      3.51        21       448     0.385     0.644     0.507     0.475      1.71      1.34     0.686
   166/299   0.0021G      1.16      1.87     0.434      3.47        30       576     0.385     0.645     0.508     0.476      1.71      1.34     0.683
   167/299   0.0021G      1.17      1.92     0.428      3.52        25       640     0.384     0.646     0.508     0.476      1.71      1.34     0.683
   168/299   0.0021G      1.17      1.89     0.439       3.5        25       416     0.385     0.647     0.508     0.477      1.71      1.34     0.682
   169/299   0.0021G      1.16      1.84     0.427      3.43        28       384     0.384     0.648     0.509     0.476      1.71      1.34     0.681
   170/299   0.0021G      1.17      1.82     0.424      3.41        25       576     0.383     0.648     0.508     0.476      1.71      1.34     0.681
   171/299   0.0021G      1.16      1.87     0.421      3.45        22       640     0.383     0.649     0.509     0.476       1.7      1.34     0.679
   172/299   0.0021G      1.16      1.83     0.417      3.41        32       608     0.384     0.651     0.511     0.477       1.7      1.34     0.676
   173/299   0.0021G      1.17      1.88      0.43      3.48        17       352     0.383      0.65      0.51     0.476       1.7      1.34     0.675
   174/299   0.0021G      1.16      1.88     0.422      3.46        42       576     0.383     0.653     0.512     0.477       1.7      1.34     0.672
   175/299   0.0021G      1.16      1.85     0.412      3.42        24       352     0.382     0.652     0.512     0.477       1.7      1.34     0.672
   176/299   0.0021G      1.15      1.86     0.416      3.43        36       352     0.382     0.652     0.513     0.477       1.7      1.34      0.67
   177/299   0.0021G      1.15      1.85     0.422      3.42        29       448     0.382     0.653     0.514     0.477       1.7      1.34     0.669
   178/299   0.0021G      1.13      1.91     0.416      3.46        32       480     0.383     0.654     0.515     0.478       1.7      1.34     0.668
   179/299   0.0021G      1.15      1.89     0.418      3.45        26       320     0.382     0.653     0.514     0.477       1.7      1.34     0.669
   180/299   0.0021G      1.15      1.84     0.413      3.41        35       480     0.382     0.655     0.515     0.478       1.7      1.34     0.669
   181/299   0.0021G      1.14      1.86     0.408      3.42        33       416     0.383     0.655     0.514     0.478       1.7      1.34      0.67
   182/299   0.0021G      1.14      1.87     0.414      3.43        29       320     0.382     0.655     0.515     0.478       1.7      1.34     0.671
   183/299   0.0021G      1.14      1.86      0.41      3.41        23       480     0.381     0.654     0.515     0.476       1.7      1.34     0.672
   184/299   0.0021G      1.16      1.78     0.406      3.34        39       352     0.381     0.655     0.516     0.476       1.7      1.34     0.673
   185/299   0.0021G      1.14      1.83     0.407      3.38        26       512     0.381     0.655     0.515     0.476       1.7      1.34     0.674
   186/299   0.0021G      1.13      1.86     0.409       3.4        32       576     0.381     0.654     0.516     0.476       1.7      1.34     0.674
   187/299   0.0021G      1.13      1.86     0.402      3.39        24       576      0.38     0.655     0.516     0.476       1.7      1.34     0.675
   188/299   0.0021G      1.14      1.85     0.398      3.38        34       608     0.379     0.653     0.516     0.474       1.7      1.34     0.675
   189/299   0.0021G      1.13      1.85     0.401      3.39        29       576     0.379     0.655     0.516     0.475       1.7      1.34     0.676
   190/299   0.0021G      1.14      1.83     0.401      3.36        22       640      0.38     0.655     0.516     0.475       1.7      1.34     0.676
   191/299   0.0021G      1.13      1.86     0.398      3.38        50       352     0.379     0.656     0.516     0.475       1.7      1.34     0.676
   192/299   0.0021G      1.13      1.87     0.393      3.39        29       576     0.379     0.656     0.517     0.475       1.7      1.34     0.675
   193/299   0.0021G      1.13      1.85     0.393      3.37        32       608     0.378     0.656     0.517     0.475       1.7      1.34     0.674
   194/299   0.0021G      1.13      1.82     0.388      3.34        29       544     0.378     0.655     0.517     0.474       1.7      1.34     0.674
   195/299   0.0021G      1.14      1.82     0.394      3.35        33       352     0.378     0.657     0.517     0.475       1.7      1.34     0.674
   196/299   0.0021G      1.12       1.8     0.383       3.3        26       576     0.379     0.658     0.517     0.476       1.7      1.34     0.674
   197/299   0.0021G      1.12      1.84     0.388      3.34        33       448     0.378     0.656     0.516     0.475       1.7      1.34     0.675
   198/299   0.0021G      1.12      1.81     0.391      3.32        22       416     0.379     0.656     0.517     0.476       1.7      1.34     0.676
   199/299   0.0021G      1.13      1.81     0.384      3.32        25       352      0.38     0.656     0.516     0.476       1.7      1.34     0.676
   200/299   0.0021G      1.12       1.8     0.377      3.29        42       544     0.381     0.656     0.517     0.477       1.7      1.34     0.674
   201/299   0.0021G      1.12      1.77     0.378      3.26        32       608     0.381     0.655     0.516     0.477       1.7      1.34     0.675
   202/299   0.0021G      1.13      1.82     0.392      3.34        31       448     0.381     0.655     0.516     0.477       1.7      1.34     0.674
   203/299   0.0021G      1.11      1.82     0.381      3.31        31       320     0.382     0.655     0.516     0.478       1.7      1.34     0.674
   204/299   0.0021G      1.11      1.83     0.379      3.32        24       320     0.382     0.656     0.517     0.478       1.7      1.34     0.674
   205/299   0.0021G      1.11      1.83     0.376      3.31        39       384     0.382     0.655     0.517     0.477       1.7      1.34     0.674
   206/299   0.0021G      1.11       1.8     0.385       3.3        26       640     0.382     0.655     0.516     0.478       1.7      1.34     0.674
   207/299   0.0021G      1.11      1.82     0.381      3.32        33       608     0.383     0.655     0.517     0.478       1.7      1.34     0.676
   208/299   0.0021G      1.11      1.78     0.372      3.27        21       576     0.384     0.654     0.517     0.479       1.7      1.34     0.676
   209/299   0.0021G      1.11      1.78     0.368      3.26        28       640     0.384     0.655     0.517     0.479       1.7      1.34     0.677
   210/299   0.0021G      1.11      1.79      0.37      3.27        22       512     0.384     0.656     0.517     0.479       1.7      1.33     0.677
   211/299   0.0021G      1.11      1.83      0.37       3.3        30       480     0.384     0.653     0.516     0.479       1.7      1.33     0.678
   212/299   0.0021G       1.1      1.79     0.362      3.26        33       576     0.385     0.655     0.515      0.48       1.7      1.33     0.681
   213/299   0.0021G       1.1      1.79     0.368      3.27        33       320     0.387     0.655     0.516     0.481       1.7      1.33     0.682
   214/299   0.0021G      1.11      1.76     0.371      3.24        28       416     0.387     0.654     0.516     0.481       1.7      1.33     0.683
   215/299   0.0021G      1.09       1.8      0.37      3.27        27       576     0.388     0.655     0.516     0.482       1.7      1.33     0.683
   216/299   0.0021G       1.1      1.75     0.368      3.22        26       352     0.387     0.655     0.516     0.481       1.7      1.33     0.683
   217/299   0.0021G       1.1      1.77     0.367      3.24        30       544     0.388     0.655     0.516     0.481       1.7      1.33     0.683
   218/299   0.0021G       1.1      1.79     0.362      3.25        36       352     0.387     0.656     0.516     0.482       1.7      1.33     0.684
   219/299   0.0021G       1.1      1.77     0.362      3.23        27       384     0.388     0.655     0.517     0.482       1.7      1.33     0.684
   220/299   0.0021G       1.1      1.77     0.362      3.23        22       416     0.388     0.656     0.517     0.482       1.7      1.33     0.684
   221/299   0.0021G       1.1      1.78      0.36      3.23        25       448     0.389     0.657     0.517     0.483       1.7      1.33     0.683
   222/299   0.0021G      1.09      1.82     0.359      3.28        20       448     0.389     0.656     0.517     0.483       1.7      1.33     0.683
   223/299   0.0021G      1.09      1.78     0.357      3.23        23       512     0.389     0.657     0.517     0.483       1.7      1.33     0.682
   224/299   0.0021G      1.09       1.8     0.361      3.26        25       384     0.389     0.656     0.517     0.483       1.7      1.33     0.682
   225/299   0.0021G      1.09      1.78     0.357      3.23        23       352     0.388     0.655     0.517     0.482       1.7      1.33     0.682
   226/299   0.0021G       1.1      1.75     0.362      3.22        20       480     0.389     0.657     0.518     0.484       1.7      1.33     0.682
   227/299   0.0021G      1.09      1.78     0.353      3.22        27       480     0.389     0.656     0.518     0.483       1.7      1.33     0.682
   228/299   0.0021G      1.08      1.77     0.342      3.19        36       384     0.389     0.656     0.518     0.483       1.7      1.33     0.683
   229/299   0.0021G      1.08       1.8     0.355      3.24        26       608      0.39     0.658     0.519     0.485       1.7      1.33     0.682
   230/299   0.0021G      1.08      1.76     0.353       3.2        24       416     0.391     0.657     0.519     0.485       1.7      1.33     0.682
   231/299   0.0021G      1.09      1.78     0.351      3.22        34       320     0.391     0.657      0.52     0.485       1.7      1.33     0.683
   232/299   0.0021G      1.08      1.76     0.355      3.19        28       352      0.39     0.657      0.52     0.484       1.7      1.33     0.684
   233/299   0.0021G      1.09      1.73     0.348      3.17        21       352     0.391     0.657      0.52     0.485       1.7      1.33     0.685
   234/299   0.0021G      1.09      1.74     0.346      3.18        17       416      0.39     0.657     0.519     0.485       1.7      1.34     0.685
   235/299   0.0021G      1.08      1.76     0.344      3.18        31       352      0.39     0.656     0.519     0.484       1.7      1.34     0.685
   236/299   0.0021G      1.08      1.74     0.342      3.16        24       448     0.389     0.657      0.52     0.483       1.7      1.34     0.686
   237/299   0.0021G      1.09      1.75     0.354      3.19        28       576     0.389     0.657      0.52     0.483       1.7      1.34     0.685
   238/299   0.0021G      1.08      1.77     0.345       3.2        23       320     0.388     0.657      0.52     0.482       1.7      1.34     0.686
   239/299   0.0021G      1.07      1.74     0.344      3.16        54       384     0.389     0.657     0.521     0.483       1.7      1.34     0.685
   240/299   0.0021G      1.07      1.78     0.334      3.18        24       544     0.389     0.657     0.521     0.484       1.7      1.34     0.685
   241/299   0.0021G      1.07      1.77      0.33      3.16        35       448     0.389     0.658     0.521     0.484       1.7      1.34     0.686
   242/299   0.0021G      1.07      1.76      0.34      3.18        27       320     0.389     0.658     0.521     0.484       1.7      1.34     0.686
   243/299   0.0021G      1.07      1.79     0.347       3.2        22       512     0.389     0.659     0.521     0.484       1.7      1.34     0.687
   244/299   0.0021G      1.08      1.75     0.338      3.16        36       576     0.389     0.659     0.521     0.484       1.7      1.34     0.687
   245/299   0.0021G      1.07      1.75     0.335      3.16        22       352     0.388     0.659     0.522     0.484       1.7      1.34     0.686
   246/299   0.0021G      1.06      1.79     0.338      3.19        24       544     0.388     0.659     0.522     0.483       1.7      1.34     0.687
   247/299   0.0021G      1.07      1.74      0.34      3.16        29       416     0.389     0.658     0.521     0.484       1.7      1.34     0.688
   248/299   0.0021G      1.07      1.78     0.338      3.18        22       512     0.388     0.659     0.521     0.483       1.7      1.34     0.689
   249/299   0.0021G      1.06      1.79     0.334      3.19        30       640     0.388     0.658     0.522     0.483       1.7      1.34      0.69
   250/299   0.0021G      1.07      1.75      0.34      3.16        32       352     0.388     0.658     0.521     0.483       1.7      1.34     0.691
   251/299   0.0021G      1.06      1.73     0.341      3.13        30       512     0.387     0.657     0.521     0.482       1.7      1.34     0.692
   252/299   0.0021G      1.06      1.75     0.336      3.15        25       576     0.388     0.659     0.521     0.484       1.7      1.34     0.694
   253/299   0.0021G      1.07      1.71     0.333      3.11        35       640     0.387     0.658      0.52     0.483       1.7      1.34     0.695
   254/299   0.0021G      1.06      1.73      0.33      3.12        23       512     0.389     0.658     0.522     0.484       1.7      1.34     0.696
   255/299   0.0021G      1.07      1.76     0.335      3.16        27       640     0.388     0.658      0.52     0.483       1.7      1.34     0.697
   256/299   0.0021G      1.06      1.76     0.328      3.15        25       544     0.389     0.657      0.52     0.483       1.7      1.34     0.699
   257/299   0.0021G      1.06      1.73     0.333      3.13        28       448     0.388     0.658     0.519     0.483       1.7      1.34       0.7
   258/299   0.0021G      1.07      1.76      0.33      3.15        30       480     0.388     0.657      0.52     0.482       1.7      1.34     0.701
   259/299   0.0021G      1.06       1.7     0.327      3.08        24       608     0.388     0.657     0.519     0.483       1.7      1.34     0.702
   260/299   0.0021G      1.06      1.72     0.328      3.11        37       384     0.388     0.658     0.519     0.483       1.7      1.34     0.702
   261/299   0.0021G      1.05      1.73     0.328      3.11        30       416     0.387     0.657     0.518     0.482       1.7      1.34     0.703
   262/299   0.0021G      1.05      1.73     0.327      3.11        23       320     0.388     0.657     0.519     0.483       1.7      1.34     0.704
   263/299   0.0021G      1.06      1.73     0.329      3.11        21       608     0.387     0.656     0.518     0.482       1.7      1.34     0.705
   264/299   0.0021G      1.06      1.74     0.333      3.13        31       352     0.389     0.657     0.519     0.483       1.7      1.34     0.705
   265/299   0.0021G      1.05      1.73     0.327      3.11        34       640      0.39     0.658     0.519     0.484       1.7      1.34     0.705
   266/299   0.0021G      1.06      1.71     0.329      3.09        27       512      0.39     0.656     0.518     0.484       1.7      1.34     0.706
   267/299   0.0021G      1.06      1.73     0.325      3.11        22       352      0.39     0.655     0.518     0.483       1.7      1.34     0.707
   268/299   0.0021G      1.06      1.75     0.326      3.14        23       384     0.388     0.655     0.518     0.482       1.7      1.34     0.707
   269/299   0.0021G      1.06      1.67      0.33      3.06        23       320     0.389     0.655     0.518     0.483       1.7      1.34     0.707
   270/299   0.0021G      1.05      1.73     0.318       3.1        28       576      0.39     0.655     0.518     0.484       1.7      1.34     0.707
   271/299   0.0021G      1.05      1.75     0.325      3.12        23       352     0.391     0.655     0.518     0.484       1.7      1.34     0.708
   272/299   0.0021G      1.04      1.72     0.324      3.08        34       352      0.39     0.653     0.518     0.483       1.7      1.34     0.708
   273/299   0.0021G      1.06       1.7     0.321      3.08        33       640     0.389     0.654     0.518     0.483       1.7      1.34     0.708
   274/299   0.0021G      1.05      1.76     0.326      3.14        28       352      0.39     0.653     0.517     0.483       1.7      1.34     0.709
   275/299   0.0021G      1.05      1.74     0.317      3.11        20       544      0.39     0.653     0.518     0.484       1.7      1.34     0.709
   276/299   0.0021G      1.05      1.69     0.319      3.06        25       512     0.391     0.654     0.517     0.484       1.7      1.34      0.71
   277/299   0.0021G      1.05      1.76     0.322      3.13        16       384      0.39     0.655     0.517     0.484       1.7      1.34      0.71
   278/299   0.0021G      1.05      1.74     0.314      3.11        24       384     0.391     0.654     0.518     0.484       1.7      1.34      0.71
   279/299   0.0021G      1.05      1.67     0.311      3.04        27       384     0.391     0.655     0.517     0.484       1.7      1.34      0.71
   280/299   0.0021G      1.05      1.74     0.316      3.11        28       576     0.391     0.655     0.518     0.484       1.7      1.34     0.711
   281/299   0.0021G      1.06      1.71      0.32      3.09        23       320     0.391     0.656     0.518     0.485       1.7      1.34     0.711
   282/299   0.0021G      1.04      1.74     0.328      3.11        26       384      0.39     0.654     0.517     0.484       1.7      1.34     0.711
   283/299   0.0021G      1.04      1.73     0.316      3.09        24       544      0.39     0.655     0.517     0.484       1.7      1.34     0.711
   284/299   0.0021G      1.06      1.73     0.325      3.11        27       352     0.391     0.656     0.518     0.485       1.7      1.34     0.711
   285/299   0.0021G      1.05      1.72     0.315      3.09        42       480     0.392     0.656     0.518     0.486       1.7      1.34     0.712
   286/299   0.0021G      1.05      1.71     0.317      3.08        25       480     0.391     0.655     0.518     0.485       1.7      1.34     0.711
   287/299   0.0021G      1.05       1.7     0.316      3.06        40       352     0.391     0.656     0.518     0.486       1.7      1.34     0.711
   288/299   0.0021G      1.05      1.71      0.31      3.07        21       320     0.392     0.655     0.517     0.486       1.7      1.34     0.711
   289/299   0.0021G      1.04      1.72     0.319      3.08        21       544     0.391     0.655     0.519     0.485       1.7      1.34     0.711
   290/299   0.0021G      1.04      1.76     0.325      3.12        21       640      0.39     0.654     0.518     0.484       1.7      1.34     0.712
   291/299   0.0021G      1.05      1.74     0.322      3.11        25       544     0.391     0.654     0.518     0.485       1.7      1.34     0.712
   292/299   0.0021G      1.04       1.7      0.31      3.05        26       544     0.389     0.654     0.518     0.483       1.7      1.34     0.713
   293/299   0.0021G      1.04      1.72      0.31      3.07        29       544     0.391     0.654     0.518     0.485      1.71      1.34     0.713
   294/299   0.0021G      1.04      1.73     0.314      3.09        38       512      0.39     0.655     0.518     0.485      1.71      1.34     0.714
   295/299   0.0021G      1.04      1.72     0.316      3.08        26       608     0.391     0.654     0.518     0.485      1.71      1.34     0.714
   296/299   0.0021G      1.03       1.7     0.313      3.05        32       640     0.389     0.653     0.518     0.483      1.71      1.34     0.715
   297/299   0.0021G      1.04      1.66      0.31      3.02        29       544     0.391     0.654     0.518     0.485      1.71      1.34     0.716
   298/299   0.0021G      1.05      1.74      0.32      3.11        25       640     0.391     0.654     0.518     0.485      1.71      1.34     0.716
   299/299   0.0021G      1.04       1.7     0.317      3.06        31       544     0.391     0.654     0.518     0.485      1.71      1.34     0.716
