     0/299     6.19G      3.59      6.11      4.57      14.3       156       544    0.0915    0.0097    0.0118     0.013      3.23         3       3.4
     1/299     6.19G      3.16      4.53      3.16      10.8       176       480     0.159    0.0435    0.0433    0.0528      2.89      2.38      2.79
     2/299     6.19G      2.96      3.72      2.72      9.39       218       608     0.312    0.0817    0.0829       0.1      2.69      1.97      2.36
     3/299     2.41G      2.79      3.38      2.44      8.61       203       512     0.289     0.137     0.125     0.153      2.58      1.95      2.08
     4/299     2.36G       2.7      3.39      2.26      8.34       169       384     0.318     0.173     0.154     0.189      2.51      1.93      1.92
     5/299     4.88G      2.63      3.34      2.13      8.11       159       640     0.282     0.203     0.173     0.212      2.46      1.92      1.82
     6/299     8.98G      2.59      3.27      2.05      7.91       215       544     0.309     0.222     0.187     0.228      2.43       1.9      1.76
     7/299     8.98G      2.56      3.32      1.99      7.88       171       544     0.306     0.234     0.196     0.238      2.41       1.9      1.72
     8/299     8.98G      2.54       3.3      1.94      7.78       207       608     0.304     0.245     0.204     0.245       2.4       1.9      1.69
     9/299     8.98G      2.52      3.32      1.91      7.76       143       512     0.304     0.252     0.209     0.252      2.39       1.9      1.67
    10/299     8.98G      2.51      3.26      1.87      7.64       215       608     0.308     0.258     0.214     0.257      2.38      1.89      1.64
    11/299     2.01G      2.49      3.25      1.85      7.59       211       448     0.327     0.264     0.219     0.263      2.37      1.89      1.63
    12/299     9.53G      2.48      3.21      1.83      7.52       198       384     0.332     0.269     0.224     0.269      2.36      1.89      1.61
    13/299     9.53G      2.47      3.24       1.8      7.52       211       448      0.33     0.272     0.229     0.272      2.35      1.88      1.59
    14/299     9.53G      2.47      3.26      1.79      7.52       214       448     0.331     0.277     0.234     0.277      2.34      1.88      1.57
    15/299     9.53G      2.46      3.22      1.78      7.46       236       512      0.34     0.281     0.239     0.281      2.33      1.87      1.55
    16/299      6.7G      2.45      3.26      1.76      7.47       273       576     0.344     0.286     0.243     0.286      2.33      1.87      1.54
    17/299     7.75G      2.45      3.22      1.75      7.42       183       608     0.342      0.29     0.247      0.29      2.32      1.87      1.52
    18/299     7.75G      2.44      3.21      1.73      7.39       178       640     0.344     0.295     0.252     0.295      2.31      1.86      1.51
    19/299     7.75G      2.44      3.16      1.72      7.32       210       576     0.344     0.298     0.256     0.298      2.31      1.86      1.49
    20/299     1.46G      2.43       3.2      1.71      7.35       172       320     0.347     0.303     0.259     0.302       2.3      1.85      1.48
    21/299     10.5G      2.43      3.22      1.71      7.36       166       448     0.346     0.307     0.264     0.305      2.29      1.85      1.46
    22/299     10.5G      2.42      3.21       1.7      7.34       138       320     0.347     0.312     0.267     0.309      2.29      1.84      1.45
    23/299     10.5G      2.42      3.22       1.7      7.34       190       544     0.348     0.317     0.271     0.312      2.28      1.84      1.44
    24/299     10.5G      2.41       3.2      1.69      7.31       173       512     0.347      0.32     0.273     0.314      2.28      1.84      1.43
    25/299     10.5G      2.41      3.24      1.68      7.34       103       512     0.345     0.325     0.276     0.316      2.27      1.84      1.42
    26/299     10.5G      2.41      3.19      1.67      7.27       178       576     0.345      0.33     0.279     0.319      2.27      1.84      1.41
    27/299     10.5G       2.4      3.18      1.67      7.25       205       576     0.345     0.334     0.282     0.322      2.26      1.83       1.4
    28/299     10.5G       2.4      3.19      1.67      7.26       124       640     0.341     0.337     0.285     0.322      2.26      1.83      1.39
    29/299     10.5G       2.4      3.16      1.66      7.21       175       320     0.342      0.34     0.287     0.324      2.25      1.83      1.38
    30/299     10.5G       2.4      3.23      1.66      7.28       221       640     0.342     0.344     0.289     0.326      2.25      1.83      1.37
    31/299     10.5G      2.39      3.18      1.64      7.22       166       512     0.341     0.347     0.291     0.328      2.24      1.83      1.36
    32/299     10.5G      2.39      3.16      1.64      7.19       150       544     0.342      0.35     0.294      0.33      2.24      1.83      1.35
    33/299     10.5G      2.39      3.24      1.64      7.28       177       608      0.34     0.353     0.296      0.33      2.24      1.83      1.35
    34/299     10.5G      2.39      3.18      1.63       7.2       169       640      0.34     0.354     0.297     0.331      2.23      1.83      1.34
    35/299     10.5G      2.38      3.18      1.63      7.19       188       448      0.34     0.358       0.3     0.333      2.23      1.83      1.34
    36/299     10.5G      2.38      3.17      1.62      7.17       132       480     0.342     0.361     0.301     0.334      2.23      1.83      1.33
    37/299     10.5G      2.38      3.19      1.62      7.19       143       448     0.343     0.362     0.302     0.335      2.23      1.83      1.32
    38/299     10.5G      2.38      3.18      1.62      7.18       238       608     0.344     0.364     0.304     0.336      2.22      1.83      1.32
    39/299     10.5G      2.38      3.19      1.62      7.18       153       544     0.342     0.367     0.305     0.337      2.22      1.82      1.31
    40/299     10.5G      2.37      3.17      1.62      7.16       179       480     0.341     0.368     0.307     0.337      2.22      1.82      1.31
    41/299     2.34G      2.37      3.18      1.61      7.16       114       352     0.338      0.37     0.308     0.337      2.22      1.82      1.31
    42/299     10.4G      2.37      3.17      1.61      7.14       183       320     0.337     0.371     0.309     0.338      2.21      1.82       1.3
    43/299     10.4G      2.37      3.18       1.6      7.15       189       512     0.342     0.374      0.31     0.341      2.21      1.82       1.3
    44/299     2.51G      2.36      3.16       1.6      7.13       177       416      0.34     0.374     0.311      0.34      2.21      1.82      1.29
    45/299     9.46G      2.36       3.2       1.6      7.16       180       352     0.336     0.375     0.312     0.339      2.21      1.82      1.29
    46/299     9.46G      2.36      3.17      1.59      7.12       190       352     0.338     0.377     0.313     0.341      2.21      1.82      1.29
    47/299     9.46G      2.36      3.19      1.59      7.14       186       352     0.338     0.378     0.314     0.342       2.2      1.82      1.28
    48/299     9.46G      2.36      3.15      1.59       7.1       167       352     0.338      0.38     0.314     0.343       2.2      1.82      1.28
    49/299     9.46G      2.36       3.2      1.59      7.15       208       384     0.339     0.383     0.315     0.344       2.2      1.82      1.28
    50/299     9.46G      2.35      3.17      1.59      7.12       178       320     0.337     0.383     0.316     0.344       2.2      1.82      1.28
    51/299     9.46G      2.35      3.16      1.58       7.1       178       576     0.337     0.386     0.318     0.345       2.2      1.82      1.27
    52/299     9.46G      2.35      3.16      1.58      7.09       126       608     0.336     0.386     0.318     0.346       2.2      1.82      1.27
    53/299     9.46G      2.35      3.17      1.58       7.1       174       384     0.338     0.389     0.319     0.348       2.2      1.82      1.27
    54/299     9.46G      2.35      3.17      1.58       7.1       189       352     0.335     0.389      0.32     0.347      2.19      1.82      1.27
    55/299     9.46G      2.35      3.17      1.58      7.09       165       576     0.336      0.39      0.32     0.348      2.19      1.82      1.26
    56/299     9.46G      2.34      3.13      1.57      7.04       170       544     0.337     0.392     0.321     0.349      2.19      1.82      1.26
    57/299     9.46G      2.34      3.16      1.57      7.07       264       352     0.337     0.393     0.323     0.349      2.19      1.82      1.26
    58/299     9.46G      2.34      3.17      1.57      7.08       162       640     0.335     0.393     0.323     0.349      2.19      1.82      1.25
    59/299     9.46G      2.34      3.14      1.56      7.04       197       512     0.336     0.393     0.323     0.349      2.19      1.82      1.25
    60/299     9.46G      2.34       3.2      1.57      7.11       200       384     0.338     0.395     0.324     0.351      2.19      1.82      1.25
    61/299     9.46G      2.33      3.14      1.56      7.03       148       544     0.337     0.395     0.324      0.35      2.19      1.82      1.25
    62/299     9.46G      2.33      3.13      1.56      7.02       189       576     0.337     0.396     0.325     0.351      2.19      1.82      1.24
    63/299     9.46G      2.33      3.11      1.56         7       130       480     0.337     0.397     0.327     0.352      2.18      1.82      1.24
    64/299     9.46G      2.33      3.16      1.55      7.05       162       608     0.337     0.398     0.328     0.352      2.18      1.82      1.24
    65/299     9.46G      2.33      3.16      1.55      7.04       171       416     0.338       0.4     0.328     0.354      2.18      1.81      1.24
    66/299     9.46G      2.33      3.15      1.55      7.03       170       352      0.34     0.401     0.329     0.355      2.18      1.81      1.23
    67/299     9.46G      2.33      3.16      1.55      7.04       156       352     0.338       0.4      0.33     0.354      2.18      1.82      1.23
    68/299     9.46G      2.32      3.15      1.55      7.02       157       640      0.34     0.402      0.33     0.355      2.18      1.82      1.23
    69/299     9.46G      2.32      3.16      1.54      7.02       178       544     0.339     0.401     0.331     0.355      2.18      1.82      1.23
    70/299     9.46G      2.32      3.14      1.54      6.99       156       384     0.338     0.402     0.331     0.355      2.18      1.82      1.23
    71/299     9.46G      2.32       3.1      1.54      6.96       265       320     0.339     0.402     0.332     0.355      2.17      1.81      1.23
    72/299     9.46G      2.32      3.15      1.54      7.01       141       608     0.337     0.401     0.332     0.354      2.17      1.81      1.22
    73/299     9.46G      2.32      3.11      1.53      6.96       159       448     0.337     0.402     0.332     0.354      2.17      1.81      1.22
    74/299     9.46G      2.32      3.15      1.54         7       172       352     0.338     0.403     0.333     0.355      2.17      1.81      1.22
    75/299     9.46G      2.31      3.12      1.53      6.97       131       320     0.338     0.403     0.334     0.356      2.17      1.81      1.22
    76/299     9.46G      2.31      3.12      1.53      6.96       170       608     0.339     0.404     0.335     0.357      2.17      1.81      1.22
    77/299     9.46G      2.31      3.13      1.53      6.97       194       384     0.338     0.403     0.335     0.356      2.17      1.81      1.22
    78/299     9.46G      2.31      3.13      1.53      6.97       188       640     0.338     0.404     0.335     0.356      2.17      1.81      1.21
    79/299     9.46G      2.31      3.15      1.53      6.99       128       320     0.336     0.404     0.335     0.356      2.17      1.81      1.21
    80/299     9.46G       2.3      3.13      1.53      6.97       217       384     0.337     0.405     0.336     0.356      2.17      1.81      1.21
    81/299     9.46G      2.31      3.15      1.52      6.97       222       416     0.338     0.406     0.336     0.357      2.17      1.81      1.21
    82/299     9.46G       2.3       3.1      1.52      6.92       159       320     0.338     0.406     0.336     0.357      2.16      1.81      1.21
    83/299     9.46G       2.3      3.15      1.52      6.97       148       512     0.339     0.408     0.337     0.359      2.16      1.81       1.2
    84/299     9.46G       2.3      3.13      1.52      6.94       237       448     0.339     0.408     0.337     0.359      2.16      1.81       1.2
    85/299     9.46G       2.3      3.15      1.52      6.97       173       480     0.339     0.409     0.337     0.359      2.16      1.81       1.2
    86/299     9.46G       2.3      3.18      1.52         7       172       448     0.338     0.409     0.338     0.358      2.16      1.81       1.2
    87/299     9.46G       2.3      3.12      1.51      6.92       120       640     0.338     0.409     0.338     0.359      2.16      1.81       1.2
    88/299     9.46G      2.29      3.15      1.51      6.95       203       576     0.339     0.409     0.338      0.36      2.16      1.81       1.2
    89/299     9.46G       2.3      3.16      1.51      6.97       152       416      0.34     0.411     0.338      0.36      2.16      1.81       1.2
    90/299     9.46G      2.29      3.13       1.5      6.93       126       416     0.339     0.411     0.338      0.36      2.16      1.81       1.2
    91/299     9.46G      2.29      3.18      1.51      6.99       197       544     0.339      0.41     0.338     0.359      2.16      1.81       1.2
    92/299     9.46G      2.29      3.11       1.5       6.9       141       416     0.339     0.411     0.339      0.36      2.16      1.81      1.19
    93/299     9.46G      2.29      3.12       1.5       6.9       150       608     0.338      0.41     0.339     0.359      2.16      1.81      1.19
    94/299     9.46G      2.28      3.11       1.5      6.89       186       608     0.339     0.411     0.339      0.36      2.16      1.81      1.19
    95/299     9.46G      2.28      3.16       1.5      6.94       191       384     0.337     0.411     0.339     0.359      2.16      1.81      1.19
    96/299     9.46G      2.28      3.12      1.49       6.9       196       608     0.339     0.414     0.341     0.361      2.16      1.81      1.19
    97/299     9.46G      2.28      3.13       1.5      6.91       143       480      0.34     0.414     0.341     0.362      2.16      1.81      1.19
    98/299     9.46G      2.28      3.16       1.5      6.95       177       544     0.338     0.414     0.341     0.361      2.16      1.81      1.19
    99/299     9.46G      2.28      3.14      1.49      6.91       140       320     0.338     0.415     0.342     0.362      2.16      1.81      1.19
   100/299     9.46G      2.28      3.17      1.49      6.94       159       576     0.339     0.416     0.343     0.363      2.15      1.81      1.19
   101/299     9.46G      2.27      3.11      1.48      6.86       202       416     0.339     0.416     0.343     0.363      2.15      1.81      1.18
   102/299     9.46G      2.28      3.15      1.49      6.92       168       384      0.34     0.417     0.343     0.364      2.15      1.81      1.18
   103/299     9.46G      2.27      3.14      1.48       6.9       150       512     0.339     0.418     0.344     0.364      2.15      1.81      1.18
   104/299     9.46G      2.27      3.11      1.48      6.86       127       640     0.339     0.419     0.344     0.364      2.15      1.81      1.18
   105/299     9.46G      2.27      3.12      1.48      6.87       172       640     0.341     0.419     0.344     0.365      2.15      1.81      1.18
   106/299     9.46G      2.27       3.1      1.47      6.84       189       384     0.342     0.419     0.345     0.366      2.15      1.81      1.18
   107/299     9.46G      2.27      3.14      1.47      6.87       152       352     0.341     0.419     0.345     0.366      2.15      1.81      1.17
   108/299     9.46G      2.27      3.11      1.47      6.85       132       448     0.343      0.42     0.346     0.367      2.15      1.81      1.17
   109/299     9.46G      2.26      3.08      1.47      6.81       210       576     0.345      0.42     0.347     0.369      2.15       1.8      1.17
   110/299     9.46G      2.27      3.14      1.47      6.88       203       576     0.344      0.42     0.347     0.368      2.15       1.8      1.17
   111/299     9.46G      2.26      3.12      1.47      6.84       154       576     0.343      0.42     0.346     0.367      2.15       1.8      1.17
   112/299     9.46G      2.26      3.13      1.46      6.85       172       320     0.341     0.419     0.347     0.366      2.15       1.8      1.17
   113/299     9.46G      2.26      3.12      1.47      6.85       197       608     0.342     0.421     0.347     0.367      2.15       1.8      1.17
   114/299     9.46G      2.26      3.13      1.46      6.85       146       320     0.341     0.421     0.347     0.367      2.14       1.8      1.17
   115/299     9.46G      2.26       3.1      1.46      6.81       154       544     0.343      0.42     0.347     0.368      2.14       1.8      1.17
   116/299     9.46G      2.26      3.12      1.46      6.84       181       608     0.342      0.42     0.347     0.367      2.14       1.8      1.17
   117/299     9.46G      2.25      3.12      1.45      6.83       157       480     0.343     0.422     0.348     0.368      2.14       1.8      1.16
   118/299     9.46G      2.25      3.13      1.46      6.84       144       480     0.343     0.423     0.349     0.369      2.14      1.81      1.16
   119/299     9.46G      2.25      3.16      1.46      6.87       108       448     0.341     0.422     0.348     0.367      2.14      1.81      1.16
   120/299     9.46G      2.25      3.13      1.45      6.83       145       320     0.342     0.422     0.349     0.367      2.14       1.8      1.16
   121/299     9.46G      2.25      3.12      1.44      6.81       173       448     0.341     0.422     0.349     0.367      2.14       1.8      1.16
   122/299     9.46G      2.25      3.11      1.44       6.8       187       320     0.342     0.424     0.349     0.369      2.14       1.8      1.16
   123/299     9.46G      2.24      3.09      1.44      6.77       153       448     0.342     0.423      0.35     0.368      2.14       1.8      1.16
   124/299     9.46G      2.24       3.1      1.44      6.78       135       480     0.342     0.423     0.349     0.368      2.14       1.8      1.16
   125/299     9.46G      2.24      3.16      1.44      6.85       252       416     0.341     0.424      0.35     0.368      2.14       1.8      1.15
   126/299     9.46G      2.24      3.11      1.44      6.79       164       640     0.342     0.425     0.351     0.369      2.14       1.8      1.15
   127/299     9.46G      2.24      3.09      1.43      6.76       175       544     0.342     0.425     0.351     0.369      2.14       1.8      1.15
   128/299     9.46G      2.24      3.09      1.44      6.76       154       320     0.344     0.426     0.352     0.371      2.14       1.8      1.15
   129/299     9.46G      2.24      3.09      1.43      6.76       184       576     0.343     0.426     0.351      0.37      2.13       1.8      1.15
   130/299     9.46G      2.23      3.13      1.43       6.8       223       512     0.344     0.427     0.352     0.371      2.13       1.8      1.15
   131/299     9.46G      2.23      3.13      1.44       6.8       177       384     0.344     0.427     0.352     0.371      2.13       1.8      1.15
   132/299     9.46G      2.23      3.09      1.43      6.75       188       320     0.346     0.427     0.353     0.372      2.13       1.8      1.15
   133/299     9.46G      2.23      3.15      1.43      6.81       164       480     0.345     0.428     0.354     0.372      2.13       1.8      1.15
   134/299     9.46G      2.23       3.1      1.42      6.75       188       416     0.345     0.428     0.354     0.372      2.13       1.8      1.14
   135/299     9.46G      2.23      3.06      1.42      6.71       164       608     0.346     0.427     0.354     0.371      2.13       1.8      1.14
   136/299     9.46G      2.23      3.09      1.42      6.74       202       576     0.346     0.428     0.355     0.372      2.13      1.79      1.14
   137/299     9.46G      2.22      3.09      1.42      6.73       175       544     0.345     0.428     0.354     0.371      2.13      1.79      1.14
   138/299     9.46G      2.22       3.1      1.42      6.74       165       384     0.346     0.429     0.354     0.372      2.13      1.79      1.14
   139/299     9.46G      2.22      3.09      1.42      6.73       183       352     0.344     0.428     0.354     0.371      2.13      1.79      1.14
   140/299     9.46G      2.22      3.08      1.41      6.71       180       576     0.345     0.429     0.354     0.372      2.13      1.79      1.14
   141/299     9.46G      2.22      3.14      1.41      6.77       157       544     0.345     0.428     0.355     0.372      2.13      1.79      1.14
   142/299     9.46G      2.22       3.1      1.41      6.73       197       352     0.345     0.429     0.355     0.372      2.12      1.79      1.14
   143/299     9.46G      2.21       3.1      1.41      6.72       147       512     0.344     0.429     0.355     0.372      2.12      1.79      1.13
   144/299     9.46G      2.21       3.1       1.4      6.71       205       320     0.344      0.43     0.355     0.373      2.12      1.79      1.13
   145/299     9.46G      2.21      3.08       1.4      6.69       214       640     0.344      0.43     0.354     0.372      2.12      1.79      1.13
   146/299     9.46G      2.21      3.11       1.4      6.72       194       512     0.344     0.429     0.355     0.372      2.12      1.79      1.13
   147/299     9.46G      2.21      3.08       1.4      6.69       232       544     0.346     0.431     0.355     0.374      2.12      1.79      1.13
   148/299     9.46G      2.21      3.07      1.39      6.67       165       544     0.347     0.431     0.355     0.375      2.12      1.79      1.13
   149/299     9.46G      2.21      3.16      1.41      6.78       152       352     0.346     0.431     0.355     0.374      2.12      1.79      1.13
   150/299     9.46G       2.2      3.07      1.39      6.66       117       320     0.346     0.432     0.356     0.375      2.12      1.79      1.13
   151/299     9.46G       2.2      3.07      1.39      6.66       173       640     0.347     0.432     0.356     0.375      2.12      1.79      1.13
   152/299     9.46G       2.2      3.12      1.39      6.71       181       576     0.347     0.433     0.356     0.375      2.12      1.79      1.13
   153/299     9.46G       2.2      3.12      1.39      6.71       170       608     0.346     0.434     0.357     0.375      2.12      1.79      1.13
   154/299     9.46G       2.2      3.08      1.38      6.66       116       512     0.347     0.434     0.357     0.376      2.12      1.79      1.13
   155/299     9.46G       2.2      3.08      1.38      6.67       231       576     0.346     0.433     0.357     0.375      2.12      1.79      1.13
   156/299     9.46G       2.2       3.1      1.38      6.68       135       480     0.346     0.434     0.357     0.375      2.12      1.79      1.13
   157/299     9.46G      2.19      3.06      1.38      6.63       163       320     0.347     0.434     0.358     0.376      2.11      1.79      1.12
   158/299     9.46G       2.2      3.09      1.37      6.66       119       416     0.347     0.434     0.358     0.376      2.11      1.79      1.12
   159/299     9.46G      2.19      3.08      1.37      6.65       213       640     0.348     0.435     0.358     0.377      2.11      1.79      1.12
   160/299     9.46G      2.19      3.09      1.37      6.64       197       448     0.348     0.435     0.358     0.377      2.11      1.79      1.12
   161/299     9.46G      2.19       3.1      1.37      6.66       160       320     0.348     0.437     0.359     0.378      2.11      1.79      1.12
   162/299     9.46G      2.18      3.11      1.37      6.65       174       512     0.346     0.438     0.359     0.377      2.11      1.79      1.12
   163/299     9.46G      2.18      3.07      1.36      6.61       202       512     0.345     0.437     0.359     0.377      2.11      1.79      1.12
   164/299     9.46G      2.18      3.09      1.36      6.64       176       608     0.346     0.437      0.36     0.377      2.11      1.79      1.12
   165/299     9.46G      2.18      3.06      1.36      6.61       143       416     0.347     0.439      0.36     0.379      2.11      1.79      1.11
   166/299     9.46G      2.18      3.09      1.36      6.62       208       448     0.346     0.439     0.361     0.379      2.11      1.79      1.11
   167/299     9.46G      2.18       3.1      1.35      6.63       171       512     0.345      0.44     0.361     0.378      2.11      1.79      1.11
   168/299     9.46G      2.17      3.06      1.36      6.59       186       512     0.346     0.439     0.361     0.378      2.11      1.79      1.11
   169/299     9.46G      2.17      3.06      1.35      6.58       147       480     0.346     0.439     0.361     0.378      2.11      1.78      1.11
   170/299     9.46G      2.17      3.09      1.35      6.62       174       576     0.346     0.439     0.362     0.379      2.11      1.79      1.11
   171/299     9.46G      2.17      3.06      1.34      6.57       180       416     0.345     0.439     0.362     0.377      2.11      1.78      1.11
   172/299     9.46G      2.17      3.05      1.34      6.56       201       416     0.345     0.438     0.362     0.377      2.11      1.78      1.11
   173/299     9.46G      2.16      3.07      1.34      6.58       157       544     0.346     0.438     0.362     0.377      2.11      1.78      1.11
   174/299     9.46G      2.17      3.08      1.34      6.58       141       608     0.346     0.439     0.364     0.378      2.11      1.78      1.11
   175/299     9.46G      2.16      3.09      1.34      6.59       181       640     0.347     0.442     0.364      0.38      2.11      1.78      1.11
