     0/299        0G      3.51      5.16      3.99      12.7        26       480         0         0  2.95e-05         0      4.07       2.3      3.32
     1/299        0G      2.78      3.54       2.9      9.23        24       576         0         0  3.78e-06         0      4.09      1.79      3.33
     2/299        0G      2.57      2.96      2.61      8.13        31       608         0         0         0         0      4.14      1.26      3.38
     3/299        0G      2.39      2.65      2.33      7.37        16       384         0         0  3.21e-06         0      4.12      1.27      3.37
     4/299   0.0021G      2.25      2.66      2.14      7.05        22       576         0         0   1.2e-06         0      4.13      1.25       3.4
     5/299        0G      2.15      2.57      2.01      6.73        23       640         0         0  1.24e-05         0      4.07      1.26       3.4
     6/299   0.0021G      2.09      2.56       1.9      6.56        27       576         0         0  2.36e-05         0      4.08      1.25       3.4
     7/299   0.0021G      2.04      2.52       1.8      6.36        31       384         0         0  0.000172         0         4      1.27      3.39
     8/299   0.0021G      1.99      2.54      1.72      6.24        19       608      0.05  6.61e-05  0.000913  0.000132      3.99      1.26      3.34
     9/299   0.0021G      1.95      2.48      1.66      6.09        31       480         0         0   0.00162         0      3.79      1.32      3.23
    10/299        0G      1.91      2.45      1.59      5.95        26       448      0.15  0.000507    0.0113   0.00101      3.61      1.32      3.04
    11/299   0.0021G      1.88      2.42      1.53      5.83        42       640       0.3  0.000719    0.0169   0.00143      3.39      1.34      2.91
    12/299        0G      1.85      2.45      1.49      5.79        34       512       0.2   0.00043    0.0144  0.000858      3.42      1.33      2.81
    13/299   0.0021G      1.83      2.49      1.45      5.78        30       608      0.25  0.000573    0.0206   0.00114      3.35      1.34      2.78
    14/299   0.0021G      1.81      2.42      1.41      5.65        21       608      0.35  0.000896     0.035   0.00179      3.21      1.36      2.54
    15/299   0.0021G      1.79      2.43      1.37      5.59        34       480       0.4   0.00109    0.0294   0.00218      3.19       1.4      2.75
    16/299   0.0021G      1.76      2.45      1.34      5.55        25       512      0.45    0.0013    0.0502    0.0026      3.03      1.37      2.48
    17/299        0G      1.75      2.38      1.32      5.45        31       416     0.367    0.0014    0.0413   0.00278      2.97      1.42      2.74
    18/299   0.0021G      1.74      2.36      1.28      5.38        31       416     0.686   0.00507     0.094   0.00987      2.81      1.36      2.19
    19/299   0.0021G      1.71      2.38      1.25      5.35        17       640     0.551   0.00311    0.0609   0.00615      2.96      1.37      2.63
    20/299   0.0021G       1.7      2.38      1.26      5.34        15       576     0.549   0.00812    0.0829    0.0157      2.84      1.37      2.27
    21/299   0.0021G      1.68      2.34      1.21      5.24        27       576     0.622    0.0102     0.106    0.0193      2.67      1.38      2.12
    22/299   0.0021G      1.68      2.35      1.19      5.22        27       576     0.609    0.0117    0.0901    0.0215      2.72       1.4      2.39
    23/299   0.0021G      1.67      2.35      1.18       5.2        22       384     0.585    0.0246    0.0903    0.0409      2.68      1.38      2.43
    24/299   0.0021G      1.65      2.25      1.15      5.05        36       384      0.69    0.0124    0.0771    0.0235      2.77      1.43      2.37
    25/299   0.0021G      1.64       2.3      1.14      5.07        29       512     0.664    0.0161    0.0964    0.0291       2.7      1.42      2.58
    26/299   0.0021G      1.62      2.37      1.11       5.1        31       512     0.548    0.0401     0.106    0.0641       2.6      1.44      2.32
    27/299   0.0021G      1.61       2.3      1.09         5        27       384     0.516    0.0335     0.106     0.055      2.65       1.4      2.36
    28/299   0.0021G       1.6      2.33      1.09      5.03        28       448     0.542     0.072     0.154     0.111      2.49      1.43      2.06
    29/299   0.0021G       1.6       2.3      1.07      4.97        24       448      0.51    0.0463      0.13    0.0784      2.52      1.41      2.23
    30/299   0.0021G      1.59      2.33      1.05      4.97        45       384     0.566    0.0464     0.123    0.0788      2.56      1.41      2.27
    31/299   0.0021G      1.58      2.29      1.04       4.9        33       576     0.546    0.0465     0.126    0.0771      2.65      1.44      2.27
    32/299   0.0021G      1.57       2.3      1.03       4.9        26       416     0.547     0.101     0.182     0.158      2.38       1.4      1.97
    33/299   0.0021G      1.57      2.21      1.01      4.79        24       384     0.545    0.0968     0.186     0.145      2.41      1.38      2.16
    34/299   0.0021G      1.56      2.21      0.99      4.76        23       512     0.544    0.0869     0.171     0.133      2.44      1.38      2.19
    35/299   0.0021G      1.55      2.27     0.991      4.82        37       640     0.518     0.107     0.185     0.166      2.42      1.39      1.95
    36/299   0.0021G      1.55      2.27     0.976       4.8        23       448     0.516     0.151     0.227     0.218      2.32      1.41      1.67
    37/299   0.0021G      1.53      2.29     0.972      4.79        26       448     0.562     0.133     0.219     0.191      2.28      1.41      1.81
    38/299   0.0021G      1.53      2.28     0.963      4.77        47       448     0.523     0.133     0.198      0.19      2.35      1.42      1.84
    39/299   0.0021G      1.52      2.24     0.941       4.7        26       640     0.504     0.125     0.193     0.181      2.34      1.39      1.85
    40/299   0.0021G      1.51      2.24     0.924      4.67        20       608      0.54      0.13      0.21     0.189      2.33      1.38      1.79
    41/299   0.0021G      1.51      2.24     0.929      4.68        29       384     0.516     0.147     0.212      0.21      2.35      1.41      1.84
    42/299        0G       1.5      2.26     0.908      4.67        38       544     0.488     0.167      0.22     0.229      2.32      1.43      1.77
    43/299   0.0021G       1.5      2.18     0.905      4.59        23       512     0.465     0.216     0.243     0.273      2.26      1.43       1.6
    44/299        0G      1.49       2.2     0.884      4.58        23       352     0.455     0.234     0.252     0.285      2.24      1.45      1.54
    45/299   0.0021G      1.49      2.21     0.874      4.57        28       544     0.435     0.229     0.237     0.275      2.24      1.45      1.57
    46/299   0.0021G      1.48      2.23     0.872      4.57        20       416     0.434     0.223     0.226     0.267      2.27      1.46      1.64
    47/299   0.0021G      1.47      2.21     0.874      4.55        17       416      0.43     0.243     0.248     0.288      2.23      1.43      1.56
    48/299   0.0021G      1.47      2.22     0.862      4.55        25       384     0.435     0.272     0.268     0.309      2.17      1.41      1.53
    49/299   0.0021G      1.47      2.19     0.846      4.51        36       448     0.447     0.279     0.279     0.319      2.14      1.39       1.5
    50/299   0.0021G      1.46      2.22     0.832      4.51        24       640     0.445     0.288     0.286     0.325      2.12      1.38      1.49
    51/299   0.0021G      1.45      2.15     0.821      4.43        36       416     0.442     0.293     0.288     0.326       2.1      1.38      1.49
    52/299   0.0021G      1.46      2.13     0.827      4.41        35       512     0.445     0.303     0.295     0.333      2.08      1.37      1.46
    53/299   0.0021G      1.45      2.13      0.82       4.4        40       416     0.445     0.311     0.299     0.338      2.08      1.37      1.42
    54/299   0.0021G      1.44      2.15     0.804      4.39        29       608     0.437     0.314     0.299     0.337      2.09      1.38      1.42
    55/299        0G      1.44      2.15     0.807       4.4        22       320     0.432     0.319       0.3     0.339      2.11      1.39      1.42
    56/299   0.0021G      1.44      2.18     0.798      4.41        26       352     0.432     0.318     0.298     0.336      2.12      1.39      1.45
    57/299   0.0021G      1.43      2.13     0.781      4.34        28       608     0.432     0.317     0.299     0.335      2.11      1.39      1.46
    58/299   0.0021G      1.43      2.14     0.788      4.36        28       576     0.423     0.315     0.292      0.33      2.12       1.4      1.48
    59/299   0.0021G      1.41       2.2     0.763      4.38        26       320     0.418     0.315     0.289     0.328      2.13       1.4      1.49
    60/299   0.0021G      1.43      2.19     0.781      4.39        51       384     0.413     0.321     0.293      0.33      2.13      1.41      1.48
    61/299   0.0021G      1.42      2.12     0.767      4.31        26       608     0.415     0.334     0.298     0.341      2.12      1.41      1.45
    62/299   0.0021G      1.41      2.14     0.773      4.32        26       416     0.415     0.336       0.3     0.342      2.12      1.41      1.44
    63/299   0.0021G       1.4      2.14     0.751      4.29        18       416     0.417     0.347     0.309     0.351      2.11       1.4       1.4
    64/299   0.0021G      1.39      2.15     0.743      4.29        20       544     0.415     0.361     0.317      0.36      2.09       1.4      1.35
    65/299   0.0021G       1.4      2.14     0.748      4.28        17       448     0.416     0.372     0.325     0.368      2.08      1.39      1.32
    66/299   0.0021G       1.4      2.13     0.738      4.27        33       608     0.418     0.379     0.329     0.374      2.06      1.39       1.3
    67/299   0.0021G      1.39      2.11     0.732      4.23        27       448     0.416     0.387     0.335     0.378      2.05      1.39      1.27
    68/299   0.0021G      1.38       2.1     0.729      4.21        19       544     0.417     0.396     0.341     0.384      2.04      1.38      1.24
    69/299   0.0021G      1.39      2.15     0.724      4.26        26       320     0.418     0.403     0.347     0.389      2.03      1.38      1.21
    70/299   0.0021G      1.38      2.11     0.704       4.2        45       448     0.415     0.413     0.351     0.394      2.01      1.38      1.19
    71/299   0.0021G      1.38      2.11     0.709       4.2        40       608     0.412     0.418     0.356     0.396      2.01      1.37      1.17
    72/299   0.0021G      1.37      2.11     0.692      4.18        35       416     0.409     0.425     0.361     0.399         2      1.37      1.15
    73/299   0.0021G      1.38      2.13     0.692       4.2        25       544      0.41     0.433     0.366     0.404      1.99      1.37      1.13
    74/299   0.0021G      1.37      2.12     0.707      4.19        27       384      0.41     0.439      0.37     0.407      1.98      1.36      1.12
    75/299   0.0021G      1.37      2.12     0.679      4.17        36       512      0.41     0.441     0.372     0.409      1.98      1.36      1.11
    76/299   0.0021G      1.36      2.14     0.671      4.17        35       416      0.41     0.442     0.372     0.409      1.98      1.36       1.1
    77/299   0.0021G      1.35      2.08      0.67       4.1        36       448     0.412     0.447     0.376     0.412      1.97      1.36      1.09
    78/299   0.0021G      1.35       2.1     0.662      4.11        28       416     0.414     0.452     0.378     0.416      1.97      1.36      1.08
    79/299   0.0021G      1.35      2.11      0.68      4.15        41       352     0.413     0.456     0.381     0.418      1.96      1.36      1.07
    80/299   0.0021G      1.35      2.08     0.672      4.11        34       576     0.411     0.461     0.385     0.419      1.96      1.35      1.06
    81/299   0.0021G      1.34      2.09     0.663      4.09        26       352     0.411     0.465     0.387     0.421      1.95      1.35      1.05
    82/299   0.0021G      1.35      2.03     0.653      4.04        28       608      0.41     0.469     0.389     0.423      1.95      1.35      1.04
    83/299   0.0021G      1.34      2.05     0.648      4.04        25       416     0.408     0.475     0.392     0.425      1.94      1.35      1.03
    84/299   0.0021G      1.33      2.06     0.642      4.04        26       384      0.41     0.481     0.395     0.428      1.93      1.35      1.01
    85/299   0.0021G      1.33      2.11     0.644      4.08        33       448      0.41     0.485     0.399      0.43      1.93      1.35         1
    86/299   0.0021G      1.34      2.03     0.651      4.02        28       576     0.411     0.491     0.403     0.434      1.92      1.35     0.988
    87/299   0.0021G      1.32      2.05     0.626         4        25       544      0.41     0.494     0.406     0.435      1.91      1.34     0.976
    88/299   0.0021G      1.32      2.06     0.619         4        35       416     0.412     0.501      0.41     0.439      1.91      1.34     0.963
    89/299   0.0021G      1.32      2.04     0.628      3.99        18       416     0.412     0.506     0.415     0.442       1.9      1.34      0.95
    90/299   0.0021G      1.32      2.04     0.623      3.98        27       608     0.409     0.509     0.416     0.442       1.9      1.34      0.94
    91/299   0.0021G      1.31      2.05     0.609      3.97        27       384     0.408     0.515      0.42     0.444      1.89      1.34     0.926
    92/299   0.0021G      1.31      2.06      0.62      3.99        29       320      0.41     0.523     0.422     0.448      1.89      1.35     0.918
    93/299   0.0021G      1.32         2     0.612      3.93        21       576     0.407     0.524     0.424     0.448      1.88      1.35     0.914
    94/299   0.0021G      1.31      2.05     0.607      3.97        27       512     0.408     0.529     0.426      0.45      1.88      1.35     0.906
    95/299   0.0021G      1.31      2.01     0.606      3.93        39       320     0.407     0.532     0.427     0.451      1.88      1.35     0.902
    96/299   0.0021G      1.31      2.01     0.606      3.93        20       352     0.405     0.533     0.428     0.449      1.88      1.35       0.9
    97/299   0.0021G      1.31      1.99     0.602       3.9        31       608     0.404     0.538     0.429     0.451      1.88      1.35     0.892
    98/299   0.0021G      1.31      2.01     0.583      3.91        24       544       0.4     0.539      0.43     0.449      1.87      1.35      0.89
    99/299   0.0021G       1.3      2.01     0.594      3.91        24       608     0.399     0.542     0.431      0.45      1.87      1.35     0.886
   100/299   0.0021G       1.3      2.03     0.594      3.93        34       320     0.397     0.544     0.432      0.45      1.87      1.35     0.881
   101/299   0.0021G       1.3      1.97     0.577      3.84        39       384     0.397     0.547     0.435     0.451      1.86      1.35     0.873
   102/299   0.0021G      1.29      2.05     0.579      3.91        34       352     0.398     0.552     0.438     0.454      1.86      1.35     0.865
   103/299   0.0021G      1.29      2.05     0.569      3.91        28       448     0.397     0.556     0.441     0.455      1.85      1.35     0.855
   104/299   0.0021G      1.29      1.95     0.573      3.81        34       512     0.396      0.56     0.443     0.455      1.85      1.35      0.85
   105/299   0.0021G      1.28      2.01      0.57      3.86        25       512     0.393     0.563     0.444     0.455      1.85      1.35     0.844
   106/299   0.0021G      1.29      1.99     0.569      3.84        22       320     0.394     0.566     0.446     0.456      1.84      1.35      0.84
   107/299   0.0021G      1.29         2     0.561      3.85        25       352     0.394     0.568     0.449     0.457      1.84      1.35     0.834
   108/299   0.0021G      1.28      2.01     0.562      3.85        32       480     0.393      0.57      0.45     0.457      1.83      1.35     0.828
   109/299   0.0021G      1.27      2.04      0.56      3.87        37       384     0.392     0.573     0.452     0.458      1.83      1.35     0.825
   110/299   0.0021G      1.28         2     0.558      3.83        22       544     0.393     0.577     0.454      0.46      1.83      1.35     0.822
   111/299   0.0021G      1.26         2     0.548      3.81        23       544     0.394     0.582     0.457     0.462      1.82      1.35     0.815
   112/299   0.0021G      1.27      2.04     0.556      3.86        22       480     0.393     0.585     0.459     0.462      1.82      1.35      0.81
   113/299   0.0021G      1.27      2.02     0.553      3.84        35       544     0.391     0.587     0.462     0.462      1.81      1.35     0.801
   114/299   0.0021G      1.26         2     0.535      3.79        23       320     0.391     0.592     0.465     0.463      1.81      1.35     0.793
   115/299   0.0021G      1.27      1.97     0.546      3.79        24       416      0.39     0.594     0.466     0.463       1.8      1.35     0.787
   116/299   0.0021G      1.26      1.98     0.538      3.77        27       640     0.388     0.597     0.468     0.463       1.8      1.35      0.78
   117/299   0.0021G      1.26      2.02     0.539      3.82        18       640     0.389     0.601     0.471     0.465       1.8      1.35     0.775
   118/299   0.0021G      1.26      2.01     0.547      3.82        38       544     0.387     0.604     0.472     0.465       1.8      1.35     0.771
   119/299   0.0021G      1.25      1.94     0.515       3.7        21       384     0.387     0.607     0.473     0.465      1.79      1.35     0.766
   120/299   0.0021G      1.25      2.01     0.539       3.8        32       480     0.386     0.609     0.476     0.465      1.79      1.35     0.761
   121/299   0.0021G      1.24      1.96     0.516      3.72        42       544     0.386     0.613     0.478     0.466      1.79      1.34     0.756
   122/299   0.0021G      1.25      1.99     0.528      3.76        23       512     0.386     0.614      0.48     0.467      1.78      1.34     0.752
   123/299   0.0021G      1.24      1.96     0.519      3.72        30       384     0.386     0.616     0.481     0.467      1.78      1.34     0.747
   124/299   0.0021G      1.24         2     0.522      3.76        38       320     0.386     0.621     0.484     0.469      1.78      1.34     0.741
   125/299   0.0021G      1.23      1.96     0.514      3.71        29       448     0.386     0.624     0.487      0.47      1.77      1.34     0.737
   126/299   0.0021G      1.24      2.01     0.516      3.76        27       480     0.384     0.625     0.488     0.469      1.77      1.34     0.733
   127/299   0.0021G      1.23      1.99     0.521      3.74        26       352     0.383     0.627      0.49     0.469      1.77      1.34     0.731
   128/299   0.0021G      1.24      1.95     0.505      3.69        24       544     0.383      0.63     0.491      0.47      1.76      1.35     0.725
   129/299   0.0021G      1.24      1.92     0.506      3.66        36       448     0.382     0.631     0.491     0.469      1.76      1.35     0.723
   130/299   0.0021G      1.23      1.99     0.515      3.73        25       608      0.38     0.634     0.492     0.469      1.76      1.35      0.72
   131/299   0.0021G      1.24      1.93       0.5      3.67        25       544      0.38     0.636     0.493     0.469      1.76      1.35     0.718
   132/299   0.0021G      1.24      1.92       0.5      3.66        36       480     0.378     0.638     0.494     0.469      1.76      1.35     0.714
   133/299   0.0021G      1.24      1.97     0.497       3.7        26       576     0.376     0.639     0.495     0.468      1.76      1.35     0.713
   134/299   0.0021G      1.22      1.93     0.493      3.64        18       544     0.375     0.641     0.496     0.468      1.76      1.35     0.711
   135/299   0.0021G      1.22      1.96     0.485      3.66        28       576     0.375     0.642     0.497     0.468      1.76      1.35     0.709
   136/299   0.0021G      1.22      1.92     0.494      3.63        25       384     0.375     0.644     0.499     0.468      1.76      1.35     0.707
   137/299   0.0021G      1.22       1.9     0.486       3.6        27       640     0.375     0.644     0.499     0.468      1.76      1.35     0.703
   138/299   0.0021G      1.21      1.94     0.482      3.64        19       320     0.375     0.645       0.5     0.469      1.76      1.36     0.706
   139/299   0.0021G      1.21      1.95     0.482      3.65        26       416     0.376     0.646       0.5      0.47      1.76      1.36     0.705
   140/299   0.0021G      1.22      1.92     0.484      3.63        33       352     0.376     0.647     0.501      0.47      1.76      1.36     0.703
   141/299   0.0021G      1.22       1.9     0.469      3.58        29       512     0.375     0.648     0.501      0.47      1.75      1.36     0.701
   142/299   0.0021G       1.2      1.95     0.476      3.63        41       640     0.375     0.647     0.502     0.469      1.75      1.36     0.701
   143/299   0.0021G      1.21      1.88      0.47      3.56        24       480     0.376     0.648     0.503      0.47      1.75      1.35     0.698
   144/299   0.0021G      1.22      1.87     0.481      3.57        30       608     0.376      0.65     0.504     0.471      1.75      1.35     0.694
   145/299   0.0021G      1.21      1.93     0.477      3.62        29       640     0.376     0.652     0.505     0.471      1.75      1.35     0.691
   146/299   0.0021G       1.2      1.89     0.465      3.56        22       416     0.376     0.654     0.507     0.472      1.74      1.35     0.689
   147/299   0.0021G       1.2      1.88     0.452      3.53        25       640     0.375     0.657     0.509     0.472      1.74      1.35     0.687
   148/299   0.0021G       1.2      1.88     0.459      3.53        38       480     0.374     0.656     0.509     0.471      1.74      1.35     0.685
   149/299   0.0021G       1.2       1.9     0.472      3.57        30       480     0.374     0.659      0.51     0.472      1.74      1.35     0.682
   150/299   0.0021G      1.19      1.93     0.465      3.59        39       320     0.374      0.66     0.512     0.472      1.74      1.35     0.679
   151/299   0.0021G      1.19      1.92     0.459      3.56        27       640     0.373     0.661     0.512     0.472      1.74      1.35     0.678
   152/299   0.0021G      1.19      1.88     0.459      3.52        27       640     0.373     0.663     0.514     0.472      1.73      1.35     0.675
   153/299   0.0021G      1.19      1.94     0.463      3.59        27       352     0.373     0.663     0.515     0.472      1.73      1.35     0.673
   154/299   0.0021G      1.19      1.88     0.453      3.52        40       448     0.373     0.664     0.516     0.473      1.73      1.35     0.673
   155/299   0.0021G      1.19      1.85     0.453      3.49        34       512     0.374     0.667     0.517     0.474      1.73      1.35      0.67
   156/299   0.0021G      1.18      1.88     0.451      3.51        39       352     0.374     0.667     0.517     0.474      1.73      1.35     0.668
   157/299   0.0021G      1.18      1.89     0.448      3.52        24       640     0.374     0.668     0.518     0.474      1.73      1.35     0.667
   158/299   0.0021G      1.19      1.87     0.445       3.5        28       352     0.373     0.668     0.519     0.474      1.73      1.35     0.667
   159/299   0.0021G      1.18      1.92     0.443      3.54        29       448     0.373     0.669     0.519     0.474      1.73      1.35     0.665
   160/299   0.0021G      1.18      1.93     0.446      3.55        30       320     0.372     0.669      0.52     0.474      1.73      1.35     0.664
   161/299   0.0021G      1.18      1.92     0.445      3.54        14       576     0.374     0.672     0.521     0.476      1.73      1.35     0.663
   162/299   0.0021G      1.18      1.87     0.449       3.5        33       640     0.373     0.672     0.522     0.475      1.73      1.35     0.662
   163/299   0.0021G      1.17      1.88     0.435      3.49        29       480     0.372     0.672     0.521     0.475      1.72      1.35      0.66
   164/299   0.0021G      1.17      1.88     0.442      3.49        17       640     0.372     0.672     0.522     0.474      1.72      1.35      0.66
   165/299   0.0021G      1.17       1.9     0.432       3.5        21       448     0.373     0.672     0.522     0.475      1.72      1.35     0.659
   166/299   0.0021G      1.16      1.87      0.43      3.46        30       576     0.374     0.674     0.522     0.476      1.72      1.35     0.657
   167/299   0.0021G      1.17      1.91     0.423       3.5        25       640     0.373     0.672     0.523     0.475      1.72      1.35     0.656
   168/299   0.0021G      1.17      1.89      0.43      3.49        25       416     0.372     0.673     0.524     0.475      1.72      1.35     0.655
   169/299   0.0021G      1.16      1.84     0.424      3.43        28       384     0.372     0.672     0.524     0.474      1.72      1.35     0.654
   170/299   0.0021G      1.17      1.82     0.424      3.41        25       576     0.372     0.672     0.524     0.474      1.72      1.35     0.653
   171/299   0.0021G      1.16      1.87     0.417      3.44        22       640     0.372     0.672     0.524     0.474      1.72      1.35     0.653
   172/299   0.0021G      1.17      1.82     0.416      3.41        32       608     0.373     0.673     0.524     0.476      1.72      1.35     0.653
   173/299   0.0021G      1.17      1.89     0.427      3.48        17       352     0.373     0.672     0.525     0.475      1.71      1.35     0.651
   174/299   0.0021G      1.16      1.88     0.422      3.46        42       576     0.373     0.673     0.526     0.476      1.71      1.35      0.65
   175/299   0.0021G      1.16      1.85     0.412      3.42        24       352     0.373     0.673     0.526     0.476      1.71      1.35      0.65
   176/299   0.0021G      1.15      1.86     0.413      3.42        36       352     0.373     0.673     0.526     0.476      1.71      1.35      0.65
   177/299   0.0021G      1.15      1.86     0.417      3.42        29       448     0.373     0.674     0.527     0.476      1.71      1.35     0.649
   178/299   0.0021G      1.13      1.91     0.412      3.45        32       480     0.374     0.674     0.527     0.476      1.71      1.35     0.649
   179/299   0.0021G      1.15      1.88     0.412      3.45        26       320     0.373     0.673     0.527     0.476      1.71      1.35     0.648
   180/299   0.0021G      1.15      1.84     0.409       3.4        35       480     0.374     0.673     0.527     0.476      1.71      1.35     0.648
   181/299   0.0021G      1.14      1.86     0.402       3.4        33       416     0.374     0.673     0.528     0.477      1.71      1.35     0.648
   182/299   0.0021G      1.14      1.86     0.404      3.41        29       320     0.373     0.673     0.528     0.475      1.71      1.35     0.647
   183/299   0.0021G      1.15      1.85     0.408      3.41        23       480     0.373     0.672     0.527     0.475      1.71      1.35     0.646
   184/299   0.0021G      1.16      1.78     0.405      3.34        39       352     0.373     0.672     0.528     0.476      1.71      1.34     0.647
   185/299   0.0021G      1.14      1.83     0.402      3.37        26       512     0.375     0.672     0.528     0.477       1.7      1.34     0.647
   186/299   0.0021G      1.13      1.86     0.407       3.4        32       576     0.374      0.67     0.528     0.476       1.7      1.34     0.647
   187/299   0.0021G      1.13      1.86     0.401      3.39        24       576     0.375     0.671     0.529     0.477       1.7      1.34     0.648
   188/299   0.0021G      1.14      1.84     0.395      3.38        34       608     0.374      0.67     0.528     0.476       1.7      1.34     0.649
   189/299   0.0021G      1.13      1.85     0.404      3.39        29       576     0.376     0.672     0.528     0.478       1.7      1.34     0.649
   190/299   0.0021G      1.14      1.83     0.399      3.36        22       640     0.375      0.67     0.528     0.476       1.7      1.34      0.65
   191/299   0.0021G      1.13      1.86     0.392      3.38        50       352     0.374     0.671     0.529     0.476       1.7      1.34      0.65
   192/299   0.0021G      1.13      1.86     0.388      3.38        29       576     0.374     0.669     0.529     0.476       1.7      1.34      0.65
   193/299   0.0021G      1.13      1.84     0.393      3.37        32       608     0.374     0.669     0.528     0.476       1.7      1.34     0.651
   194/299   0.0021G      1.13      1.82     0.383      3.33        29       544     0.375     0.671     0.529     0.477       1.7      1.34     0.652
   195/299   0.0021G      1.14      1.82      0.39      3.34        33       352     0.374     0.669     0.528     0.476       1.7      1.34     0.652
   196/299   0.0021G      1.12       1.8     0.386      3.31        26       576     0.374      0.67     0.529     0.476       1.7      1.34     0.652
   197/299   0.0021G      1.11      1.84     0.375      3.32        33       448     0.375      0.67     0.529     0.477       1.7      1.34     0.652
   198/299   0.0021G      1.12      1.81     0.388      3.32        22       416     0.375     0.669     0.529     0.476       1.7      1.34     0.652
   199/299   0.0021G      1.12      1.81     0.383      3.32        25       352     0.375      0.67     0.529     0.476       1.7      1.34     0.653
   200/299   0.0021G      1.12       1.8     0.376      3.29        42       544     0.375      0.67     0.529     0.476       1.7      1.34     0.653
   201/299   0.0021G      1.12      1.76     0.378      3.26        32       608     0.374      0.67     0.529     0.476       1.7      1.34     0.653
   202/299   0.0021G      1.13      1.81     0.389      3.33        31       448     0.373      0.67     0.529     0.475       1.7      1.35     0.653
   203/299   0.0021G      1.11      1.83     0.376      3.31        31       320     0.373     0.671     0.529     0.475       1.7      1.35     0.652
   204/299   0.0021G       1.1      1.84     0.374      3.32        24       320     0.373     0.672     0.529     0.475       1.7      1.35     0.652
   205/299   0.0021G      1.11      1.82     0.373       3.3        39       384     0.373     0.674      0.53     0.476       1.7      1.35     0.652
   206/299   0.0021G      1.11       1.8     0.382      3.29        26       640     0.373     0.672      0.53     0.476       1.7      1.35     0.652
   207/299   0.0021G      1.11      1.82     0.381      3.32        33       608     0.374     0.673     0.529     0.476       1.7      1.35     0.653
   208/299   0.0021G      1.11      1.78     0.374      3.27        21       576     0.372     0.672      0.53     0.475       1.7      1.35     0.653
   209/299   0.0021G      1.11      1.77     0.367      3.25        28       640     0.372     0.673      0.53     0.475       1.7      1.35     0.654
   210/299   0.0021G      1.11      1.78     0.362      3.26        22       512     0.371     0.671      0.53     0.474       1.7      1.35     0.654
   211/299   0.0021G      1.11      1.83     0.366       3.3        30       480     0.372     0.673      0.53     0.475       1.7      1.35     0.655
   212/299   0.0021G       1.1      1.79      0.36      3.25        33       576     0.371     0.672      0.53     0.473       1.7      1.35     0.655
   213/299   0.0021G       1.1      1.79     0.366      3.26        33       320     0.371     0.673      0.53     0.474       1.7      1.35     0.655
   214/299   0.0021G      1.11      1.76     0.364      3.23        28       416      0.37     0.672     0.529     0.473       1.7      1.35     0.655
   215/299   0.0021G       1.1       1.8     0.362      3.26        27       576     0.371     0.672     0.529     0.473       1.7      1.35     0.655
   216/299   0.0021G       1.1      1.75     0.371      3.22        26       352      0.37     0.672     0.529     0.473       1.7      1.35     0.656
   217/299   0.0021G       1.1      1.77     0.358      3.23        30       544      0.37     0.673     0.529     0.473       1.7      1.35     0.656
   218/299   0.0021G       1.1      1.79     0.359      3.25        36       352     0.371     0.673     0.531     0.474       1.7      1.35     0.656
   219/299   0.0021G       1.1      1.77     0.353      3.22        27       384     0.371     0.673      0.53     0.474       1.7      1.35     0.656
   220/299   0.0021G       1.1      1.77     0.359      3.23        22       416     0.371     0.673     0.531     0.474       1.7      1.35     0.656
   221/299   0.0021G       1.1      1.77     0.359      3.23        25       448     0.372     0.674      0.53     0.475       1.7      1.35     0.656
   222/299   0.0021G      1.09      1.82     0.361      3.28        20       448     0.372     0.673      0.53     0.475       1.7      1.35     0.657
   223/299   0.0021G      1.09      1.78      0.35      3.22        23       512     0.372     0.673      0.53     0.475       1.7      1.35     0.657
   224/299   0.0021G      1.09      1.81     0.359      3.26        25       384     0.372     0.673      0.53     0.474       1.7      1.35     0.657
   225/299   0.0021G      1.09      1.78     0.354      3.22        23       352     0.372     0.671     0.529     0.474       1.7      1.35     0.658
   226/299   0.0021G       1.1      1.76     0.358      3.22        20       480     0.371     0.672     0.529     0.473       1.7      1.36     0.658
   227/299   0.0021G      1.09      1.77     0.353      3.21        27       480     0.371     0.672      0.53     0.473       1.7      1.36     0.658
   228/299   0.0021G      1.08      1.77     0.338      3.18        36       384     0.371     0.671     0.529     0.473       1.7      1.36     0.658
   229/299   0.0021G      1.08       1.8     0.353      3.23        26       608     0.371     0.672      0.53     0.473       1.7      1.36     0.658
   230/299   0.0021G      1.09      1.76     0.346      3.19        24       416     0.372     0.673     0.529     0.475       1.7      1.36     0.659
   231/299   0.0021G      1.09      1.78     0.347      3.21        34       320     0.372     0.674     0.529     0.475       1.7      1.36     0.659
   232/299   0.0021G      1.08      1.76     0.347      3.18        28       352     0.372     0.673     0.528     0.474       1.7      1.36      0.66
   233/299   0.0021G      1.09      1.73     0.338      3.16        21       352     0.372     0.671     0.529     0.474       1.7      1.36     0.661
   234/299   0.0021G      1.09      1.73     0.341      3.17        17       416     0.373     0.671     0.528     0.474       1.7      1.36     0.661
   235/299   0.0021G      1.08      1.76     0.344      3.18        31       352     0.374     0.672     0.528     0.476       1.7      1.36     0.661
   236/299   0.0021G      1.08      1.73      0.34      3.15        24       448     0.376     0.674     0.529     0.478       1.7      1.36     0.662
   237/299   0.0021G      1.09      1.75     0.351      3.19        28       576     0.376     0.671     0.529     0.477       1.7      1.35     0.663
   238/299   0.0021G      1.08      1.77     0.344      3.19        23       320     0.377      0.67     0.529     0.478       1.7      1.35     0.663
   239/299   0.0021G      1.07      1.74     0.338      3.15        54       384     0.377      0.67     0.529     0.477       1.7      1.35     0.664
   240/299   0.0021G      1.07      1.78     0.331      3.17        24       544     0.378      0.67     0.528     0.478       1.7      1.35     0.664
   241/299   0.0021G      1.07      1.76     0.325      3.16        35       448     0.378     0.669     0.529     0.478       1.7      1.35     0.664
   242/299   0.0021G      1.07      1.76     0.331      3.16        27       320     0.378      0.67     0.528     0.478       1.7      1.35     0.665
   243/299   0.0021G      1.07      1.79     0.342       3.2        22       512     0.378     0.669     0.527     0.478       1.7      1.35     0.666
   244/299   0.0021G      1.08      1.74     0.337      3.16        36       576     0.378     0.669     0.527     0.478       1.7      1.35     0.667
   245/299   0.0021G      1.07      1.75     0.336      3.15        22       352     0.378      0.67     0.527     0.478       1.7      1.35     0.667
   246/299   0.0021G      1.06      1.79     0.338      3.18        24       544     0.379      0.67     0.527     0.479       1.7      1.35     0.667
   247/299   0.0021G      1.07      1.74     0.339      3.15        29       416     0.378     0.669     0.526     0.478       1.7      1.35     0.669
   248/299   0.0021G      1.06      1.77     0.341      3.18        22       512     0.379      0.67     0.527     0.479       1.7      1.35      0.67
   249/299   0.0021G      1.06      1.79     0.335      3.19        30       640     0.379      0.67     0.527      0.48       1.7      1.35     0.671
   250/299   0.0021G      1.07      1.75     0.338      3.16        32       352     0.379      0.67     0.527      0.48       1.7      1.35     0.671
   251/299   0.0021G      1.06      1.73      0.34      3.13        30       512      0.38      0.67     0.526     0.481       1.7      1.35     0.672
   252/299   0.0021G      1.06      1.75     0.333      3.14        25       576      0.38      0.67     0.527      0.48       1.7      1.35     0.672
   253/299   0.0021G      1.07      1.71     0.333      3.12        35       640      0.38      0.67     0.526      0.48       1.7      1.35     0.673
   254/299   0.0021G      1.06      1.73      0.33      3.12        23       512      0.38     0.671     0.527      0.48       1.7      1.35     0.673
   255/299   0.0021G      1.07      1.76     0.332      3.16        27       640     0.379      0.67     0.527      0.48       1.7      1.35     0.674
   256/299   0.0021G      1.06      1.76     0.323      3.14        25       544     0.379     0.669     0.526      0.48       1.7      1.35     0.675
   257/299   0.0021G      1.06      1.73     0.323      3.12        28       448     0.379     0.669     0.526     0.479       1.7      1.35     0.674
   258/299   0.0021G      1.06      1.75     0.322      3.14        30       480     0.379     0.669     0.526     0.479       1.7      1.35     0.675
   259/299   0.0021G      1.06       1.7     0.321      3.08        24       608     0.379     0.669     0.526     0.479       1.7      1.35     0.676
   260/299   0.0021G      1.05      1.72     0.325       3.1        37       384     0.378     0.668     0.526     0.478       1.7      1.35     0.677
   261/299   0.0021G      1.05      1.74     0.325      3.11        30       416      0.38      0.67     0.527      0.48       1.7      1.35     0.677
   262/299   0.0021G      1.05      1.73     0.321       3.1        23       320      0.38     0.669     0.526      0.48       1.7      1.35     0.679
   263/299   0.0021G      1.06      1.72     0.328      3.11        21       608      0.38     0.668     0.526      0.48       1.7      1.35     0.679
   264/299   0.0021G      1.06      1.74     0.327      3.12        31       352     0.381     0.669     0.526     0.481       1.7      1.35      0.68
   265/299   0.0021G      1.05      1.73     0.325      3.11        34       640      0.38     0.669     0.526      0.48       1.7      1.35      0.68
   266/299   0.0021G      1.06      1.71     0.321      3.08        27       512      0.38     0.669     0.526      0.48       1.7      1.35     0.681
   267/299   0.0021G      1.06      1.72     0.327      3.11        22       352      0.38     0.669     0.526      0.48       1.7      1.35     0.681
   268/299   0.0021G      1.06      1.76     0.326      3.14        23       384      0.38     0.668     0.525      0.48       1.7      1.35     0.682
   269/299   0.0021G      1.06      1.67     0.326      3.06        23       320     0.381     0.668     0.526      0.48       1.7      1.35     0.683
   270/299   0.0021G      1.05      1.73     0.318       3.1        28       576     0.382     0.669     0.526     0.481       1.7      1.35     0.684
   271/299   0.0021G      1.05      1.75     0.323      3.12        23       352     0.382     0.668     0.525     0.481       1.7      1.35     0.685
   272/299   0.0021G      1.04      1.71     0.319      3.07        34       352     0.383     0.667     0.525     0.482       1.7      1.35     0.685
   273/299   0.0021G      1.05       1.7     0.324      3.08        33       640     0.382     0.667     0.525     0.481       1.7      1.35     0.686
   274/299   0.0021G      1.05      1.75     0.316      3.12        28       352     0.381     0.667     0.524     0.481       1.7      1.35     0.686
   275/299   0.0021G      1.05      1.74     0.315      3.11        20       544     0.382     0.666     0.524     0.481       1.7      1.35     0.686
   276/299   0.0021G      1.05      1.69     0.314      3.06        25       512     0.383     0.666     0.525     0.481       1.7      1.35     0.687
   277/299   0.0021G      1.04      1.76     0.315      3.12        16       384     0.382     0.664     0.524      0.48       1.7      1.35     0.688
   278/299   0.0021G      1.05      1.74     0.306       3.1        24       384     0.383     0.665     0.523     0.482       1.7      1.35     0.688
   279/299   0.0021G      1.05      1.67     0.314      3.04        27       384     0.384     0.664     0.524     0.482       1.7      1.35     0.689
   280/299   0.0021G      1.05      1.74     0.316       3.1        28       576     0.383     0.665     0.523     0.482       1.7      1.35      0.69
   281/299   0.0021G      1.06      1.71     0.316      3.08        23       320     0.383     0.663     0.524     0.481       1.7      1.35      0.69
   282/299   0.0021G      1.04      1.74     0.324       3.1        26       384     0.384     0.664     0.523     0.482       1.7      1.35      0.69
   283/299   0.0021G      1.04      1.73     0.316      3.09        24       544     0.385     0.665     0.523     0.482       1.7      1.35     0.691
   284/299   0.0021G      1.06      1.73     0.327      3.11        27       352     0.384     0.664     0.524     0.482       1.7      1.35     0.691
   285/299   0.0021G      1.05      1.72     0.309      3.08        42       480     0.385     0.664     0.523     0.483       1.7      1.35     0.692
   286/299   0.0021G      1.05      1.71     0.314      3.07        25       480     0.384     0.662     0.523     0.482       1.7      1.35     0.693
   287/299   0.0021G      1.05       1.7     0.313      3.06        40       352     0.385     0.663     0.523     0.482       1.7      1.35     0.693
   288/299   0.0021G      1.05      1.71     0.309      3.06        21       320     0.384     0.663     0.523     0.482       1.7      1.35     0.694
   289/299   0.0021G      1.04      1.71      0.32      3.07        21       544     0.384     0.662     0.522     0.481      1.71      1.35     0.695
   290/299   0.0021G      1.04      1.76      0.32      3.12        21       640     0.384     0.661     0.522     0.481      1.71      1.35     0.696
   291/299   0.0021G      1.04      1.74     0.315       3.1        25       544     0.384     0.661     0.522     0.481      1.71      1.35     0.697
   292/299   0.0021G      1.04       1.7     0.307      3.04        26       544     0.385     0.661     0.522     0.481      1.71      1.35     0.698
   293/299   0.0021G      1.04      1.72     0.309      3.07        29       544     0.384     0.661     0.521     0.481      1.71      1.35     0.698
   294/299   0.0021G      1.04      1.73      0.31      3.08        38       512     0.384     0.661     0.521     0.481      1.71      1.35     0.699
   295/299   0.0021G      1.04      1.72     0.312      3.07        26       608     0.383      0.66     0.522      0.48      1.71      1.36       0.7
   296/299   0.0021G      1.03      1.71     0.313      3.05        32       640     0.384      0.66     0.521      0.48      1.71      1.36       0.7
   297/299   0.0021G      1.04      1.67     0.302      3.01        29       544     0.384     0.661     0.521     0.481      1.71      1.36     0.701
   298/299   0.0021G      1.04      1.74     0.317       3.1        25       640     0.384      0.66     0.521      0.48      1.71      1.36     0.702
   299/299   0.0021G      1.04       1.7     0.314      3.05        31       544     0.383      0.66      0.52      0.48      1.71      1.35     0.703
