     0/299    0.755G      4.16      7.19      6.02      17.4       217       320  8.06e-05  1.42e-06  1.48e-05   2.8e-06      4.54      3.13      4.16
     0/299    0.919G      4.16      7.18      6.01      17.4       199       320  0.000116  2.26e-06  1.52e-05  4.43e-06      4.56      3.11      4.13
     1/299     1.85G      3.99      5.41      4.02      13.4       190       608  5.86e-05  2.28e-06  1.18e-05  4.39e-06      4.49      2.36      4.16
     1/299     1.66G      3.99      5.43      4.01      13.4       166       608  2.79e-05  1.13e-06  1.14e-05  2.17e-06      4.51      2.35      4.13
     2/299     1.37G      3.85      4.29      3.95      12.1       219       544  2.68e-05  1.99e-06  1.43e-05  3.71e-06      4.46      1.59      4.14
     2/299     1.46G      3.85       4.3      3.95      12.1       203       544  3.34e-05  2.54e-06  1.31e-05  4.72e-06      4.47      1.57      4.12
     3/299     8.96G       3.7      3.72      3.87      11.3       165       544  5.46e-05  5.13e-06  2.71e-05  9.37e-06      4.45      1.58      4.15
     3/299     8.51G       3.7      3.73      3.87      11.3       152       544  6.45e-05  6.21e-06  3.31e-05  1.13e-05      4.46      1.57      4.13
     4/299    0.799G      3.61      3.85      3.81      11.3       171       352   5.7e-05  1.17e-05  2.91e-05  1.94e-05      4.44      1.61      4.19
     4/299    0.753G      3.61      3.86      3.81      11.3       168       352  7.97e-05  1.67e-05  3.23e-05  2.76e-05      4.45      1.59      4.17
     5/299     1.22G      3.55      3.91      3.77      11.2       200       448  4.19e-05   1.2e-05  3.28e-05  1.86e-05      4.43      1.61      4.17
     5/299     1.08G      3.56      3.91      3.77      11.2       200       448  4.52e-05  1.33e-05  2.64e-05  2.05e-05      4.44       1.6      4.15
     6/299     1.69G      3.52      3.86      3.73      11.1       140       416  5.35e-05  1.48e-05   3.3e-05  2.32e-05      4.45      1.62      4.19
     6/299      1.4G      3.52      3.86      3.73      11.1       128       416  5.37e-05  1.52e-05  2.61e-05  2.38e-05      4.45      1.61      4.16
     7/299     10.8G      3.49       3.9      3.69      11.1       167       416  5.74e-05  1.28e-05  3.15e-05   2.1e-05      4.42       1.6      4.17
     7/299     9.47G      3.49      3.91      3.69      11.1       155       416  6.57e-05  1.52e-05  3.12e-05  2.48e-05      4.43      1.59      4.15
     8/299     1.61G      3.47      3.84      3.68        11       159       480  5.52e-05  1.28e-05   3.1e-05  2.08e-05      4.42      1.59      4.19
     8/299     1.21G      3.47      3.85      3.68        11       144       480  6.14e-05  1.47e-05  3.24e-05  2.37e-05      4.43      1.58      4.17
     9/299     10.3G      3.46      3.87      3.66        11       151       416  5.44e-05  1.57e-05  3.14e-05  2.43e-05      4.42       1.6      4.18
     9/299     9.35G      3.46      3.87      3.65        11       138       416  5.52e-05  1.64e-05  3.22e-05  2.53e-05      4.42      1.59      4.15
    10/299     10.3G      3.43      3.92      3.63        11       158       608  5.99e-05  1.77e-05  3.01e-05  2.73e-05      4.41      1.61      4.18
    10/299     10.4G      3.44      3.92      3.64        11       149       608  6.32e-05  1.92e-05  3.39e-05  2.95e-05      4.42       1.6      4.15
    11/299     10.3G      3.42      3.92      3.61      10.9       193       320  6.78e-05  2.45e-05  3.19e-05   3.6e-05      4.42      1.62      4.19
    11/299     10.4G      3.42      3.92      3.61        11       207       320  6.32e-05  2.34e-05   3.4e-05  3.42e-05      4.43       1.6      4.16
    12/299     10.3G      3.42      3.84      3.59      10.9       200       320   7.2e-05  2.73e-05  3.26e-05  3.96e-05      4.41      1.61      4.18
    12/299     10.4G      3.42      3.84      3.59      10.8       189       320  6.87e-05  2.65e-05  3.58e-05  3.83e-05      4.42      1.59      4.16
    13/299     10.3G       3.4       3.9      3.57      10.9       197       608  7.33e-05  2.93e-05  3.58e-05  4.19e-05      4.41      1.62      4.19
    13/299     10.4G       3.4       3.9      3.57      10.9       183       608  7.12e-05  2.91e-05  4.62e-05  4.13e-05      4.41      1.61      4.16
    14/299     11.3G       3.4      3.95      3.56      10.9       189       480  7.06e-05  2.79e-05   3.6e-05     4e-05      4.41      1.63      4.18
    14/299     10.4G       3.4      3.95      3.56      10.9       187       480  7.02e-05  2.85e-05  3.86e-05  4.06e-05      4.42      1.62      4.16
    15/299      1.1G      3.38      3.89      3.54      10.8       192       512  6.53e-05  2.65e-05  3.44e-05  3.77e-05      4.41      1.62      4.19
    15/299     1.06G      3.38      3.89      3.54      10.8       177       512  7.41e-05  3.08e-05  3.94e-05  4.35e-05      4.41       1.6      4.16
    16/299     7.57G      3.38      3.88      3.53      10.8       155       320  7.49e-05   3.1e-05  3.58e-05  4.39e-05       4.4      1.62      4.19
    16/299      7.6G      3.38      3.88      3.53      10.8       137       320  6.88e-05  2.91e-05  4.49e-05  4.09e-05      4.41      1.61      4.16
    17/299     7.57G      3.38       3.9      3.52      10.8       140       448  7.15e-05  3.16e-05  3.66e-05  4.39e-05       4.4      1.63      4.19
    17/299     8.65G      3.37      3.89      3.52      10.8       144       448  7.41e-05  3.33e-05  5.19e-05   4.6e-05      4.41      1.62      4.16
    18/299     7.57G      3.37      3.88      3.51      10.8       240       480  7.21e-05  3.19e-05  3.52e-05  4.42e-05       4.4      1.63      4.19
    18/299     8.65G      3.36      3.88       3.5      10.7       218       480  7.45e-05  3.36e-05   5.2e-05  4.63e-05      4.41      1.62      4.16
    19/299      2.7G      3.35      3.89      3.49      10.7       216       640  7.12e-05  3.25e-05  3.59e-05  4.46e-05       4.4      1.63      4.19
    19/299     2.55G      3.35       3.9      3.49      10.8       198       640  7.37e-05  3.42e-05  4.88e-05  4.67e-05      4.41      1.62      4.16
    20/299     1.72G      3.36      3.81      3.48      10.7       191       576  7.17e-05  3.28e-05  3.66e-05   4.5e-05       4.4      1.63      4.19
    20/299      1.9G      3.36      3.81      3.49      10.7       181       576  0.000126  4.89e-05  4.58e-05  6.96e-05      4.41      1.62      4.16
    21/299     8.64G      3.35      3.87      3.47      10.7       140       576   6.9e-05  3.16e-05  3.59e-05  4.34e-05       4.4      1.63      4.19
    21/299      9.4G      3.35      3.87      3.47      10.7       123       576  0.000124  4.94e-05  4.38e-05     7e-05      4.41      1.62      4.17
    22/299     8.64G      3.34      3.87      3.46      10.7       176       320  7.09e-05  3.33e-05   3.7e-05  4.53e-05       4.4      1.63      4.19
    22/299      9.4G      3.34      3.88      3.47      10.7       162       320  0.000171  6.27e-05   4.3e-05  9.03e-05      4.41      1.62      4.16
    23/299     8.64G      3.34      3.89      3.46      10.7       179       608   7.3e-05  3.47e-05  3.69e-05  4.71e-05       4.4      1.63      4.19
    23/299      9.4G      3.34       3.9      3.46      10.7       157       608  0.000169  6.32e-05  4.23e-05  9.06e-05       4.4      1.62      4.16
    24/299     8.64G      3.33      3.92      3.44      10.7       143       480  7.02e-05  3.36e-05  3.76e-05  4.55e-05       4.4      1.63      4.19
    24/299      9.4G      3.33      3.92      3.44      10.7       133       480  0.000162  6.27e-05  4.25e-05  8.93e-05       4.4      1.62      4.16
    25/299     8.64G      3.33      3.97      3.44      10.7       154       512  6.96e-05  3.36e-05  3.78e-05  4.53e-05       4.4      1.64      4.19
    25/299      9.4G      3.33      3.96      3.45      10.7       157       512  0.000163  6.41e-05   4.3e-05  9.09e-05       4.4      1.63      4.16
    26/299     8.64G      3.33      3.82      3.41      10.6       164       576  6.71e-05  3.28e-05  3.71e-05   4.4e-05       4.4      1.64      4.19
    26/299      9.4G      3.33      3.83      3.42      10.6       150       576  0.000162  6.43e-05  4.23e-05   9.1e-05       4.4      1.63      4.16
    27/299     8.64G      3.32      3.93      3.42      10.7       146       320  0.000145  4.99e-05  3.82e-05  7.19e-05       4.4      1.64      4.19
    27/299      9.4G      3.32      3.93      3.42      10.7       136       320  0.000159  6.35e-05   4.3e-05  8.96e-05       4.4      1.63      4.16
    28/299     8.64G      3.32      3.95      3.42      10.7       225       480  0.000173  5.56e-05  3.82e-05  8.12e-05      4.39      1.64      4.19
    28/299      9.4G      3.32      3.96      3.42      10.7       202       480  0.000156  6.35e-05  4.34e-05  8.92e-05       4.4      1.63      4.16
    29/299     8.64G      3.32      3.97      3.42      10.7       153       448  0.000213   6.3e-05  3.87e-05  9.36e-05      4.39      1.64      4.19
    29/299      9.4G      3.32      3.97      3.42      10.7       141       448  0.000154  6.29e-05  4.42e-05  8.83e-05       4.4      1.63      4.16
    30/299     8.64G      3.31      3.88       3.4      10.6       164       512  0.000213  6.27e-05  3.91e-05  9.32e-05      4.39      1.64      4.19
    30/299      9.4G      3.32      3.88       3.4      10.6       143       512  0.000152  6.27e-05  4.46e-05  8.78e-05       4.4      1.63      4.16
    31/299     8.64G      3.31      3.96      3.39      10.7       252       320  0.000136   4.7e-05  3.85e-05   6.7e-05      4.39      1.64      4.19
    31/299      9.4G      3.31      3.95      3.39      10.6       230       320  0.000152  6.35e-05   4.4e-05  8.86e-05       4.4      1.63      4.16
    32/299     8.64G      3.31      3.82      3.39      10.5       177       448  0.000207  6.24e-05  3.96e-05  9.24e-05      4.39      1.64      4.19
    32/299      9.4G      3.31      3.83      3.39      10.5       147       448   0.00015  6.29e-05  4.47e-05  8.78e-05       4.4      1.63      4.16
    33/299     8.64G      3.31      3.91      3.39      10.6       178       512  0.000202  6.15e-05  3.97e-05  9.11e-05      4.39      1.64      4.19
    33/299      9.4G       3.3      3.92      3.39      10.6       168       512   0.00015  6.29e-05  4.52e-05  8.77e-05       4.4      1.63      4.16
    34/299     8.64G       3.3      3.85      3.37      10.5       149       608  0.000201  6.07e-05  3.98e-05  8.99e-05      4.39      1.64      4.19
    34/299      9.4G       3.3      3.86      3.37      10.5       122       608  0.000148  6.21e-05  4.57e-05  8.65e-05       4.4      1.63      4.16
    35/299     8.64G       3.3       3.9      3.37      10.6       180       448    0.0002  6.12e-05  3.95e-05  9.05e-05      4.39      1.64      4.19
    35/299      9.4G      3.29      3.91      3.37      10.6       181       448  0.000147  6.21e-05  4.68e-05  8.64e-05       4.4      1.63      4.16
    36/299     8.64G       3.3      3.85      3.35      10.5       158       640  0.000196  6.07e-05  3.94e-05  8.96e-05      4.39      1.64      4.19
    36/299      9.4G      3.29      3.86      3.35      10.5       141       640  0.000148  6.29e-05  4.76e-05  8.74e-05       4.4      1.63      4.16
    37/299     8.64G       3.3      3.83      3.36      10.5       198       512  0.000129  4.47e-05   3.9e-05  6.37e-05      4.39      1.64      4.18
    37/299      9.4G       3.3      3.84      3.36      10.5       213       512  0.000108  4.88e-05  4.75e-05  6.65e-05       4.4      1.63      4.16
    38/299     8.64G       3.3      3.81      3.35      10.5       169       480   0.00013  4.47e-05  3.94e-05  6.37e-05      4.39      1.64      4.18
    38/299      9.4G       3.3      3.82      3.35      10.5       151       480  7.05e-05   3.7e-05  4.71e-05  4.85e-05       4.4      1.63      4.16
    39/299     8.64G      3.29      3.84      3.35      10.5       116       640   0.00013  4.53e-05  3.94e-05  6.44e-05      4.39      1.64      4.18
    39/299      9.4G      3.29      3.84      3.35      10.5       109       640  6.76e-05  3.56e-05  4.85e-05  4.66e-05      4.39      1.63      4.16
    40/299     8.64G      3.29      3.91      3.34      10.5       185       608  0.000131  4.53e-05  3.93e-05  6.45e-05      4.39      1.64      4.18
    40/299      9.4G      3.28      3.92      3.33      10.5       164       608  6.92e-05  3.64e-05  5.14e-05  4.77e-05      4.39      1.62      4.16
    41/299     8.64G       3.3      3.86      3.34      10.5       152       416  6.38e-05  3.28e-05  3.95e-05  4.33e-05      4.38      1.63      4.18
    41/299      9.4G       3.3      3.86      3.34      10.5       139       416  0.000157  3.66e-05  5.49e-05   4.8e-05      4.39      1.62      4.16
    42/299     8.64G      3.29      3.92      3.33      10.5       105       640  6.49e-05  3.33e-05  3.97e-05   4.4e-05      4.38      1.63      4.18
    42/299      9.4G      3.29      3.94      3.33      10.6        96       640  0.000527  3.63e-05  5.48e-05   4.8e-05      4.39      1.62      4.16
    43/299     8.64G      3.28      3.91      3.32      10.5       170       352   6.7e-05  3.45e-05  3.97e-05  4.55e-05      4.38      1.63      4.18
    43/299      9.4G      3.29      3.91      3.32      10.5       193       352  0.000709  3.69e-05   5.5e-05  4.89e-05      4.39      1.62      4.16
    44/299     8.64G      3.28      3.92      3.33      10.5       178       544  6.65e-05  3.42e-05  3.97e-05  4.51e-05      4.38      1.63      4.18
    44/299      9.4G      3.28      3.92      3.33      10.5       166       544  0.000776  3.81e-05  5.52e-05  5.06e-05      4.39      1.62      4.16
    45/299    0.929G      3.28      3.89      3.31      10.5       138       384  6.78e-05  3.49e-05  3.95e-05   4.6e-05      4.38      1.63      4.18
    45/299      0.9G      3.28      3.89      3.32      10.5       157       384  7.13e-05  3.76e-05  3.94e-05  4.92e-05      4.39      1.62      4.16
    46/299     9.25G      3.27      3.94      3.31      10.5       166       352  6.75e-05  3.47e-05     4e-05  4.59e-05      4.38      1.63      4.18
    46/299     9.22G      3.27      3.94      3.31      10.5       157       352  0.000786  3.98e-05  5.48e-05  5.29e-05      4.39      1.62      4.15
    47/299     9.25G      3.28      3.89      3.32      10.5       138       608  6.81e-05   3.5e-05  4.02e-05  4.63e-05      4.38      1.63      4.18
    47/299     9.22G      3.28       3.9      3.32      10.5       133       608  7.24e-05  3.81e-05  3.92e-05  4.99e-05      4.39      1.62      4.15
    48/299     9.25G      3.27      3.91      3.31      10.5       176       320  7.01e-05  3.62e-05  4.07e-05  4.77e-05      4.38      1.63      4.18
    48/299     9.22G      3.27       3.9      3.31      10.5       187       320  7.44e-05  3.93e-05  3.93e-05  5.14e-05      4.39      1.62      4.15
    49/299     9.25G      3.27      3.94      3.31      10.5       226       384  7.07e-05  3.65e-05  4.04e-05  4.81e-05      4.38      1.63      4.18
    49/299     9.22G      3.27      3.94      3.31      10.5       207       384  7.61e-05  4.01e-05  3.95e-05  5.25e-05      4.39      1.62      4.15
    50/299     9.25G      3.27      3.89      3.31      10.5       139       320  0.000252  4.73e-05  4.04e-05  6.84e-05      4.38      1.63      4.18
    50/299     9.22G      3.27      3.88      3.31      10.5       131       320  7.56e-05  3.98e-05  4.34e-05  5.22e-05      4.39      1.62      4.15
    51/299     9.25G      3.27      3.88       3.3      10.4       208       384  0.000474  6.16e-05  4.06e-05  9.54e-05      4.38      1.63      4.18
    51/299     9.22G      3.27      3.88       3.3      10.4       219       384  7.62e-05  4.01e-05  5.07e-05  5.25e-05      4.39      1.62      4.15
    52/299     9.25G      3.27      3.89       3.3      10.5       161       512  0.000438  6.21e-05   4.1e-05  9.59e-05      4.38      1.63      4.18
    52/299     9.22G      3.27      3.89       3.3      10.5       144       512  7.56e-05  3.98e-05  5.03e-05  5.22e-05      4.39      1.62      4.15
    53/299     9.25G      3.26      3.87      3.29      10.4       128       640  0.000428  6.21e-05  4.09e-05  9.58e-05      4.38      1.63      4.18
    53/299     9.22G      3.27      3.88      3.29      10.4       132       640  7.44e-05  3.93e-05     5e-05  5.14e-05      4.39      1.62      4.15
    54/299     9.25G      3.26      3.88      3.29      10.4       132       384   0.00042  6.21e-05  4.15e-05  9.57e-05      4.38      1.63      4.18
    54/299     9.22G      3.26      3.88      3.29      10.4       110       384  7.55e-05  3.98e-05  5.24e-05  5.21e-05      4.39      1.62      4.15
    55/299     9.25G      3.26      3.84      3.29      10.4       217       640  0.000396  6.24e-05  4.16e-05  9.58e-05      4.38      1.63      4.18
    55/299     9.22G      3.26      3.85      3.29      10.4       219       640  7.36e-05   3.9e-05  5.22e-05   5.1e-05      4.39      1.62      4.15
    56/299     9.25G      3.27      3.82      3.28      10.4       212       480  0.000381  6.24e-05  4.15e-05  9.56e-05      4.38      1.63      4.18
    56/299     9.22G      3.27      3.83      3.29      10.4       207       480  7.36e-05   3.9e-05  5.06e-05   5.1e-05      4.39      1.62      4.15
    57/299     9.25G      3.27      3.84      3.28      10.4       145       416  0.000366  6.21e-05  4.15e-05   9.5e-05      4.38      1.63      4.18
    57/299     9.22G      3.27      3.85      3.29      10.4       126       416   7.3e-05  3.87e-05  4.93e-05  5.06e-05      4.39      1.62      4.15
    58/299     9.25G      3.27      3.78      3.28      10.3       163       608  0.000355  6.14e-05  4.18e-05  9.39e-05      4.38      1.63      4.18
    58/299     9.22G      3.27      3.78      3.28      10.3       151       608  7.45e-05  3.95e-05  4.05e-05  5.17e-05      4.38      1.62      4.15
    59/299     9.25G      3.26      3.92      3.28      10.5       151       320  0.000367  6.89e-05  4.15e-05  0.000105      4.38      1.63      4.18
    59/299     9.22G      3.26      3.92      3.29      10.5       145       320  7.44e-05  3.95e-05  4.05e-05  5.16e-05      4.38      1.62      4.15
    60/299     9.25G      3.26      3.89      3.27      10.4       135       320   0.00035  6.84e-05  4.18e-05  0.000104      4.38      1.63      4.18
    60/299     9.22G      3.26      3.89      3.27      10.4       139       320  7.42e-05  3.95e-05     4e-05  5.16e-05      4.38      1.62      4.15
    61/299     9.25G      3.27      3.82      3.27      10.4       186       640  0.000342  6.92e-05  4.26e-05  0.000104      4.38      1.63      4.18
    61/299     9.22G      3.26      3.83      3.27      10.4       181       640  0.000109   5.4e-05   4.3e-05   7.2e-05      4.38      1.62      4.15
    62/299     9.25G      3.25      3.89      3.27      10.4       187       640  0.000337  7.12e-05  4.34e-05  0.000107      4.38      1.63      4.18
    62/299     9.22G      3.25      3.89      3.27      10.4       177       640  0.000109   5.4e-05   4.3e-05  7.19e-05      4.38      1.62      4.15
    63/299     9.25G      3.25      3.98      3.26      10.5       199       576  0.000326  7.12e-05  4.36e-05  0.000107      4.38      1.63      4.18
    63/299     9.22G      3.25      3.99      3.26      10.5       181       576  0.000108   5.4e-05  5.07e-05  7.18e-05      4.38      1.62      4.15
    64/299     9.25G      3.26      3.84      3.26      10.4       172       640  0.000318  7.12e-05  4.37e-05  0.000106      4.37      1.63      4.18
    64/299     9.22G      3.26      3.84      3.27      10.4       163       640  0.000109  5.42e-05  4.84e-05  7.21e-05      4.38      1.62      4.16
    65/299     9.25G      3.25      3.96      3.26      10.5       145       384  0.000295  7.12e-05  4.38e-05  0.000106      4.37      1.63      4.18
    65/299     9.22G      3.25      3.96      3.26      10.5       151       384  0.000108   5.4e-05  4.73e-05  7.17e-05      4.38      1.62      4.16
    66/299     9.25G      3.25      3.88      3.25      10.4       192       544  0.000285  7.12e-05  4.41e-05  0.000106      4.37      1.63      4.18
    66/299     9.22G      3.25      3.88      3.26      10.4       188       544  0.000108  5.48e-05  4.59e-05  7.27e-05      4.38      1.62      4.16
    67/299     9.25G      3.26       3.8      3.27      10.3       149       512  0.000278  7.09e-05  4.39e-05  0.000105      4.37      1.63      4.18
    67/299     9.22G      3.26      3.81      3.26      10.3       132       512  0.000142  5.68e-05  4.57e-05  7.63e-05      4.38      1.62      4.16
    68/299     9.25G      3.25      3.88      3.26      10.4       161       544  0.000271  7.06e-05   4.5e-05  0.000104      4.37      1.63      4.18
    68/299     9.22G      3.25      3.88      3.25      10.4       141       544  0.000138  5.59e-05  4.51e-05   7.5e-05      4.38      1.62      4.16
    69/299     9.25G      3.25      3.94      3.26      10.4       176       416  0.000269  7.15e-05  4.46e-05  0.000105      4.37      1.63      4.18
    69/299     9.22G      3.25      3.94      3.26      10.4       165       416  0.000136  5.56e-05  4.46e-05  7.45e-05      4.38      1.62      4.16
    70/299     9.25G      3.23      3.99      3.25      10.5       143       640  0.000269  7.21e-05  4.51e-05  0.000106      4.37      1.63      4.18
    70/299     9.22G      3.24      3.99      3.25      10.5       123       640  0.000136  5.65e-05  4.42e-05  7.54e-05      4.38      1.62      4.16
    71/299     9.25G      3.24      3.93      3.24      10.4       220       352  0.000261  7.26e-05  4.55e-05  0.000106      4.37      1.63      4.18
    71/299     9.22G      3.24      3.93      3.25      10.4       207       352  0.000136  5.73e-05  4.39e-05  7.63e-05      4.38      1.62      4.16
    72/299     9.25G      3.24      3.86      3.25      10.3       218       608   0.00026  7.23e-05  4.57e-05  0.000106      4.37      1.63      4.19
    72/299     9.22G      3.24      3.86      3.25      10.4       199       608  0.000136  5.82e-05  4.35e-05  7.73e-05      4.38      1.62      4.16
    73/299     9.25G      3.24      3.87      3.25      10.4       200       448  0.000252  7.15e-05  4.66e-05  0.000104      4.37      1.63      4.19
    73/299     9.22G      3.25      3.87      3.25      10.4       210       448  0.000135  5.85e-05   4.3e-05  7.74e-05      4.38      1.62      4.16
    74/299     9.25G      3.24      3.95      3.25      10.4       225       640  0.000245  7.23e-05  4.68e-05  0.000105      4.37      1.64      4.19
    74/299     9.22G      3.24      3.95      3.25      10.4       221       640  0.000132  5.76e-05  4.31e-05  7.63e-05      4.38      1.62      4.16
    75/299     9.25G      3.24      3.91      3.24      10.4       151       448  0.000242  7.43e-05  4.71e-05  0.000107      4.37      1.64      4.19
    75/299     9.22G      3.24      3.91      3.24      10.4       137       448  0.000131  5.79e-05  4.27e-05  7.65e-05      4.38      1.62      4.16
    76/299     9.25G      3.24      3.92      3.23      10.4       177       480  0.000239  7.52e-05  4.71e-05  0.000108      4.37      1.64      4.19
    76/299     9.22G      3.24      3.93      3.23      10.4       180       480   0.00013  5.79e-05  4.25e-05  7.63e-05      4.38      1.63      4.16
    77/299     9.25G      3.24      3.86      3.23      10.3       175       352  9.34e-05  4.98e-05  3.94e-05  6.49e-05      4.37      1.64      4.19
    77/299     9.22G      3.24      3.86      3.24      10.3       164       352  0.000202  7.38e-05  4.29e-05  0.000102      4.38      1.63      4.16
    78/299     9.25G      3.23      3.93      3.23      10.4       210       384  9.39e-05  5.04e-05  3.96e-05  6.55e-05      4.37      1.64      4.19
    78/299     9.22G      3.24      3.94      3.23      10.4       210       384  0.000129  5.85e-05  4.31e-05  7.67e-05      4.38      1.63      4.16
    79/299     9.25G      3.25      3.79      3.23      10.3       217       640  9.41e-05  5.07e-05     4e-05  6.58e-05      4.37      1.64      4.19
    79/299     9.22G      3.24      3.79      3.23      10.3       195       640  0.000195  7.38e-05  4.31e-05  0.000102      4.38      1.63      4.16
    80/299     9.25G      3.23      3.91      3.23      10.4       186       480  9.45e-05  5.09e-05     4e-05  6.62e-05      4.37      1.64      4.19
    80/299     9.22G      3.23      3.92      3.23      10.4       180       480  0.000194  7.41e-05  4.35e-05  0.000102      4.38      1.63      4.16
    81/299     9.22G      3.23      3.91      3.23      10.4       174       544  0.000192  7.38e-05  4.35e-05  0.000101      4.38      1.63      4.17
    81/299     9.25G      3.23       3.9      3.23      10.4       161       544  9.35e-05  5.07e-05  4.02e-05  6.57e-05      4.37      1.64      4.19
    82/299     9.25G      3.24      3.85      3.23      10.3       176       352  9.24e-05  5.04e-05     4e-05  6.52e-05      4.37      1.64      4.19
    82/299     9.22G      3.24      3.86      3.23      10.3       162       352  0.000191  7.38e-05  4.35e-05  0.000101      4.38      1.63      4.17
    83/299     9.22G      3.23      3.94      3.22      10.4       157       480  0.000189  7.44e-05  4.32e-05  0.000102      4.38      1.63      4.17
    83/299     9.25G      3.23      3.94      3.22      10.4       161       480  8.95e-05   4.9e-05  3.99e-05  6.33e-05      4.37      1.64      4.19
    84/299     9.25G      3.23      3.88      3.22      10.3       224       416  8.98e-05  4.92e-05  4.03e-05  6.36e-05      4.37      1.64      4.19
    84/299     9.22G      3.23      3.88      3.21      10.3       192       416  0.000186  7.55e-05  4.29e-05  0.000103      4.38      1.63      4.17
    85/299     9.25G      3.23      3.83       3.2      10.3       199       576  8.99e-05  4.95e-05  4.02e-05  6.38e-05      4.37      1.64      4.19
    85/299     9.22G      3.23      3.83       3.2      10.3       190       576  0.000185  7.61e-05  4.29e-05  0.000103      4.38      1.63      4.17
    86/299     9.25G      3.23      3.88      3.22      10.3       123       608  8.97e-05  4.95e-05  3.99e-05  6.38e-05      4.37      1.64       4.2
    86/299     9.22G      3.23      3.87      3.22      10.3       125       608  0.000228  8.35e-05  4.27e-05  0.000116      4.38      1.63      4.17
    87/299     9.25G      3.23      3.92      3.22      10.4       128       480  8.75e-05  4.84e-05  3.99e-05  6.23e-05      4.37      1.64       4.2
    87/299     9.22G      3.23      3.91      3.23      10.4       104       480  0.000223  8.32e-05  4.31e-05  0.000115      4.38      1.63      4.17
    88/299     9.25G      3.22      3.95      3.22      10.4       140       544  8.76e-05  4.87e-05  3.98e-05  6.25e-05      4.37      1.64       4.2
    88/299     9.22G      3.22      3.96      3.22      10.4       129       544  0.000221  8.32e-05  4.29e-05  0.000115      4.38      1.63      4.17
    89/299     9.25G      3.23      3.84      3.21      10.3       210       608  8.69e-05  4.87e-05     4e-05  6.24e-05      4.37      1.65       4.2
    89/299     9.22G      3.23      3.85      3.22      10.3       186       608   0.00022  8.41e-05  4.27e-05  0.000115      4.38      1.63      4.17
    90/299     9.22G      3.22      3.94      3.22      10.4       164       416  0.000218  8.41e-05  4.26e-05  0.000115      4.38      1.63      4.17
    90/299     9.25G      3.22      3.95      3.21      10.4       185       416  8.81e-05  4.95e-05  4.02e-05  6.34e-05      4.37      1.65       4.2
    91/299     9.25G      3.22       3.9      3.21      10.3       152       384  8.67e-05   4.9e-05  3.99e-05  6.25e-05      4.37      1.65       4.2
    91/299     9.22G      3.22       3.9       3.2      10.3       140       384  0.000188  6.85e-05  4.29e-05  9.53e-05      4.38      1.64      4.17
    92/299     9.25G      3.22      3.86      3.21      10.3       113       576   8.8e-05  4.98e-05  3.97e-05  6.36e-05      4.37      1.65       4.2
    92/299     9.22G      3.22      3.86      3.21      10.3        97       576  0.000188  6.85e-05  4.29e-05  9.53e-05      4.38      1.64      4.17
    93/299     9.25G      3.23      3.78       3.2      10.2       164       320  8.82e-05  5.01e-05  3.99e-05  6.39e-05      4.37      1.65       4.2
    93/299     9.22G      3.23      3.78       3.2      10.2       146       320  0.000184  6.79e-05  4.29e-05  9.43e-05      4.38      1.64      4.17
    94/299     9.25G      3.22      3.84       3.2      10.3       157       576  8.81e-05  5.04e-05  3.95e-05  6.41e-05      4.37      1.65       4.2
    94/299     9.22G      3.22      3.85       3.2      10.3       141       576  0.000206  7.37e-05  4.29e-05  0.000103      4.38      1.64      4.17
    95/299     9.25G      3.22      3.93      3.19      10.3       139       416  0.000107  5.28e-05  3.93e-05   6.8e-05      4.37      1.65       4.2
    95/299     9.22G      3.22      3.94       3.2      10.4       131       416  0.000287  9.52e-05  4.26e-05  0.000137      4.38      1.64      4.18
    96/299     9.25G      3.22      3.94      3.19      10.3       185       608  0.000106  5.22e-05  3.93e-05  6.72e-05      4.37      1.65       4.2
    96/299     9.22G      3.22      3.94      3.19      10.4       178       608  0.000284  9.57e-05  4.25e-05  0.000138      4.38      1.64      4.18
    97/299     9.25G      3.22      3.95      3.19      10.4       158       320  0.000103  5.14e-05  3.95e-05   6.6e-05      4.37      1.65       4.2
    97/299     9.22G      3.22      3.95       3.2      10.4       146       320  0.000279  9.54e-05  4.28e-05  0.000137      4.38      1.64      4.18
    98/299     9.25G      3.21         4       3.2      10.4       194       352  0.000103  5.14e-05  3.97e-05  6.59e-05      4.37      1.65       4.2
    98/299     9.22G      3.21      4.01       3.2      10.4       187       352  0.000296   0.00011  4.29e-05  0.000154      4.38      1.64      4.18
    99/299     9.25G      3.22      3.87      3.19      10.3       151       448  0.000102  5.16e-05  3.94e-05  6.61e-05      4.37      1.65       4.2
    99/299     9.22G      3.22      3.87      3.19      10.3       154       448  0.000298  0.000111   4.3e-05  0.000156      4.38      1.64      4.18
   100/299     9.25G      3.22      3.82      3.18      10.2       146       544  0.000104  5.28e-05  3.97e-05  6.76e-05      4.37      1.65       4.2
   100/299     9.22G      3.22      3.83      3.19      10.2       128       544  0.000295  0.000111  4.28e-05  0.000155      4.38      1.64      4.18
   101/299     9.25G      3.21      3.91      3.18      10.3       164       320  0.000103  5.25e-05  3.96e-05  6.72e-05      4.37      1.65       4.2
   101/299     9.22G      3.21      3.91      3.18      10.3       130       320  0.000365  0.000142   4.3e-05  0.000197      4.38      1.64      4.18
   102/299     9.25G      3.21      3.86       3.2      10.3       194       320  0.000102  5.19e-05  3.97e-05  6.64e-05      4.37      1.65       4.2
   102/299     9.22G      3.21      3.87      3.19      10.3       173       320  0.000364  0.000141  4.32e-05  0.000197      4.38      1.64      4.18
   103/299     9.25G      3.22       3.9      3.18      10.3       130       448   0.00012  5.72e-05  3.94e-05  7.45e-05      4.37      1.65       4.2
   103/299     9.22G      3.22      3.89      3.19      10.3       128       448  0.000377  0.000142   4.3e-05  0.000199      4.38      1.64      4.18
   104/299     9.25G      3.21       3.9       3.2      10.3       254       448  0.000281    0.0001  3.94e-05  0.000139      4.38      1.66      4.21
   104/299     9.22G      3.21       3.9      3.19      10.3       257       448  0.000375  0.000142  4.34e-05  0.000199      4.38      1.64      4.18
   105/299     9.25G      3.21      3.85      3.19      10.2       161       416  0.000321  0.000105  3.95e-05  0.000147      4.38      1.66      4.21
   105/299     9.22G      3.21      3.84      3.19      10.3       132       416  0.000397  0.000156  4.37e-05  0.000216      4.38      1.64      4.18
   106/299     9.25G      3.21      3.89      3.18      10.3       150       640  0.000242  8.65e-05  3.97e-05  0.000118      4.38      1.66      4.21
   106/299     9.22G      3.21      3.89      3.18      10.3       152       640  0.000393  0.000156  4.36e-05  0.000216      4.38      1.65      4.18
   107/299     9.25G      3.21      3.88      3.19      10.3       145       576  0.000237  8.65e-05  4.01e-05  0.000118      4.38      1.66      4.21
   107/299     9.22G       3.2      3.89      3.18      10.3       127       576  0.000363  0.000142  4.38e-05  0.000198      4.38      1.65      4.18
   108/299     9.25G       3.2      3.86      3.17      10.2       186       480   0.00011  6.35e-05  3.98e-05  8.05e-05      4.38      1.66      4.21
   108/299     9.22G      3.21      3.87      3.17      10.2       176       480  0.000363  0.000142  4.39e-05  0.000197      4.38      1.65      4.18
   109/299     9.25G      3.21      3.88      3.18      10.3       144       384  0.000125  6.51e-05  4.03e-05  8.34e-05      4.38      1.66      4.21
   109/299     9.22G      3.21      3.89      3.19      10.3       125       384   0.00046  0.000154  4.38e-05  0.000218      4.38      1.65      4.18
   110/299     9.25G       3.2      3.91      3.17      10.3       117       576   0.00013  6.73e-05  3.98e-05  8.64e-05      4.38      1.66      4.21
   110/299     9.22G       3.2      3.91      3.17      10.3       136       576  0.000451  0.000154  4.37e-05  0.000217      4.38      1.65      4.18
   111/299     9.25G       3.2      3.87      3.18      10.3       189       352  0.000229   8.1e-05  3.96e-05   0.00011      4.38      1.66      4.21
   111/299     9.22G       3.2      3.87      3.18      10.3       174       352   0.00045  0.000155  4.39e-05  0.000219      4.38      1.65      4.18
   112/299     9.25G       3.2      3.89      3.16      10.3       135       320  0.000227  8.13e-05  3.93e-05   0.00011      4.38      1.66      4.21
   112/299     9.22G       3.2      3.89      3.17      10.3       118       320  0.000445  0.000156  4.36e-05  0.000219      4.38      1.65      4.18
   113/299     9.25G       3.2      3.89      3.17      10.3       135       320  0.000224  8.13e-05  3.95e-05   0.00011      4.38      1.66      4.21
   113/299     9.22G      3.21      3.89      3.16      10.3       111       320  0.000442  0.000156  4.32e-05  0.000219      4.38      1.65      4.18
   114/299     9.25G      3.21      3.85      3.17      10.2       171       416  0.000221  8.21e-05  3.98e-05  0.000111      4.38      1.66      4.21
   114/299     9.22G      3.21      3.84      3.18      10.2       146       416  0.000412  0.000142  4.32e-05  0.000201      4.38      1.65      4.18
   115/299     9.25G      3.19      3.97      3.17      10.3       179       480  0.000253  9.66e-05  3.93e-05  0.000131      4.38      1.66      4.21
   115/299     9.22G      3.19      3.97      3.17      10.3       167       480  0.000405  0.000142  4.35e-05  0.000201      4.38      1.65      4.19
   116/299     9.25G       3.2      3.89      3.17      10.3       116       544  0.000252  9.68e-05  3.95e-05  0.000131      4.38      1.66      4.21
   116/299     9.22G      3.19       3.9      3.17      10.3        94       544  0.000399  0.000142  4.37e-05    0.0002      4.38      1.65      4.19
   117/299     9.25G       3.2      3.89      3.16      10.2       212       480  0.000248  9.63e-05  3.96e-05   0.00013      4.38      1.66      4.21
   117/299     9.22G       3.2      3.89      3.17      10.3       194       480  0.000396  0.000143  4.42e-05    0.0002      4.38      1.65      4.19
   118/299     9.25G       3.2      3.84      3.16      10.2       173       608  0.000247  9.78e-05  3.97e-05  0.000132      4.38      1.66      4.21
   118/299     9.22G       3.2      3.85      3.16      10.2       148       608   0.00039  0.000143   4.4e-05  0.000201      4.38      1.65      4.19
   119/299     9.25G      3.19       3.9      3.16      10.2       154       384  0.000245  9.86e-05  3.98e-05  0.000132      4.38      1.66      4.21
   119/299     9.22G      3.19       3.9      3.16      10.2       168       384  0.000342  0.000127  4.38e-05  0.000177      4.38      1.65      4.19
   120/299     9.25G      3.19      3.85      3.15      10.2       179       640  0.000242  9.83e-05     4e-05  0.000132      4.38      1.66      4.21
   120/299     9.22G      3.19      3.85      3.15      10.2       157       640   0.00034  0.000128  4.38e-05  0.000177      4.38      1.65      4.19
   121/299     9.25G      3.19      3.95      3.16      10.3       150       352  0.000239  9.78e-05  3.99e-05  0.000131      4.38      1.67      4.21
   121/299     9.22G      3.19      3.94      3.17      10.3       156       352  0.000832  0.000133  4.36e-05  0.000187      4.38      1.66      4.19
   122/299     9.25G      3.19      3.94      3.16      10.3       146       352  0.000234  9.69e-05  3.98e-05   0.00013      4.38      1.67      4.21
   122/299     9.22G      3.19      3.94      3.16      10.3       134       352  0.000828  0.000133  4.41e-05  0.000187      4.38      1.66      4.19
   123/299     9.25G       3.2      3.82      3.16      10.2       175       480  0.000233  9.72e-05  3.98e-05   0.00013      4.38      1.67      4.21
   123/299     9.22G       3.2      3.82      3.15      10.2       174       480  0.000874  0.000134  4.42e-05  0.000189      4.38      1.66      4.19
   124/299     9.25G       3.2      3.92      3.16      10.3       181       320  0.000232  9.78e-05  3.95e-05   0.00013      4.38      1.67      4.21
   124/299     9.22G       3.2      3.92      3.16      10.3       189       320  0.000878  0.000134  4.48e-05  0.000187      4.38      1.66      4.19
   125/299     9.25G       3.2      3.84      3.15      10.2       149       608  0.000208  8.49e-05  3.95e-05  0.000114      4.38      1.67      4.21
   125/299     9.22G       3.2      3.84      3.16      10.2       137       608  0.000832  0.000134  4.53e-05  0.000187      4.38      1.66      4.19
   126/299     9.25G      3.19      3.91      3.16      10.3       164       576  0.000206  8.49e-05  3.94e-05  0.000114      4.38      1.67      4.22
   126/299     9.22G      3.19      3.92      3.16      10.3       168       576    0.0008  0.000134  4.51e-05  0.000186      4.38      1.66      4.19
   127/299     9.25G      3.19      3.85      3.14      10.2       138       448  0.000203  8.55e-05  3.94e-05  0.000114      4.38      1.67      4.22
   127/299     9.22G      3.19      3.86      3.15      10.2       129       448  0.000787  0.000148  4.54e-05  0.000203      4.38      1.66      4.19
   128/299     9.25G      3.18      3.85      3.14      10.2       171       512  0.000173  7.27e-05   3.9e-05  9.62e-05      4.38      1.67      4.22
   128/299     9.22G      3.18      3.85      3.14      10.2       151       512  0.000792  0.000149  4.53e-05  0.000203      4.38      1.66      4.19
   129/299     9.25G      3.18      3.92      3.15      10.3       186       480   0.00017  7.24e-05  3.91e-05  9.57e-05      4.38      1.67      4.22
   129/299     9.22G      3.18      3.92      3.15      10.3       175       480  0.000751  0.000135  4.57e-05  0.000187      4.38      1.66      4.19
   130/299     9.25G      3.19      3.93      3.15      10.3       123       384  0.000195  9.96e-05   3.9e-05  0.000129      4.38      1.67      4.22
   130/299     9.22G      3.19      3.93      3.15      10.3       115       384  0.000751   0.00015  4.64e-05  0.000205      4.38      1.66      4.19
   131/299     9.25G      3.19      3.89      3.14      10.2       201       448  0.000195    0.0001  3.93e-05   0.00013      4.38      1.67      4.22
   131/299     9.22G      3.19      3.88      3.14      10.2       184       448  0.000748  0.000151  4.66e-05  0.000205      4.38      1.66      4.19
   132/299     9.25G      3.19      3.93      3.15      10.3       149       544  0.000197  0.000101  3.95e-05  0.000131      4.38      1.67      4.22
   132/299     9.22G      3.19      3.93      3.15      10.3       155       544   0.00072  0.000136  4.67e-05  0.000186      4.38      1.66      4.19
   133/299     9.25G      3.18      3.95      3.14      10.3       192       448  0.000194  0.000101  3.93e-05  0.000131      4.38      1.67      4.22
   133/299     9.22G      3.18      3.95      3.14      10.3       175       448  0.000722  0.000138  4.76e-05  0.000189      4.38      1.66      4.19
   134/299     9.25G      3.18      3.85      3.13      10.2       143       512  0.000205  0.000104  3.93e-05  0.000135      4.38      1.67      4.22
   134/299     9.22G      3.18      3.86      3.13      10.2       127       512    0.0007  0.000139   4.8e-05   0.00019      4.38      1.66      4.19
   135/299     9.25G      3.18      3.89      3.13      10.2       140       608   0.00022  0.000109  3.96e-05  0.000143      4.38      1.67      4.22
   135/299     9.22G      3.18      3.89      3.13      10.2       145       608  0.000672  0.000139  4.87e-05   0.00019      4.38      1.66      4.19
   136/299     9.25G      3.18      3.93      3.14      10.3       163       640  0.000218  0.000109  3.96e-05  0.000142      4.38      1.67      4.22
   136/299     9.22G      3.18      3.92      3.14      10.2       159       640  0.000655  0.000138  4.89e-05  0.000189      4.38      1.66      4.19
   137/299     9.25G      3.18      3.93      3.14      10.3       161       384  0.000239  0.000123  3.99e-05  0.000159      4.38      1.67      4.22
   137/299     9.22G      3.18      3.94      3.14      10.3       154       384   0.00079  0.000153  4.72e-05  0.000215      4.38      1.66       4.2
   138/299     9.25G      3.18      3.87      3.12      10.2       171       512  0.000237  0.000123  3.96e-05  0.000159      4.38      1.67      4.22
   138/299     9.22G      3.17      3.86      3.12      10.2       152       512  0.000777  0.000154   4.7e-05  0.000216      4.38      1.66       4.2
   139/299     9.25G      3.17      3.87      3.12      10.2       161       352  0.000213   0.00011  3.95e-05  0.000142      4.38      1.67      4.22
   139/299     9.22G      3.17      3.88      3.13      10.2       139       352  0.000765  0.000153  4.71e-05  0.000215      4.38      1.66       4.2
   140/299     9.25G      3.17      3.97      3.13      10.3       180       320  0.000232  0.000123  3.93e-05  0.000158      4.38      1.67      4.22
   140/299     9.22G      3.17      3.97      3.13      10.3       177       320  0.000737  0.000153  4.73e-05  0.000215      4.38      1.66       4.2
   141/299     9.25G      3.16      3.83      3.12      10.1       185       320  0.000229  0.000123  3.92e-05  0.000157      4.38      1.67      4.22
   141/299     9.22G      3.17      3.84      3.13      10.1       173       320  0.000724  0.000152   4.7e-05  0.000213      4.38      1.66       4.2
   142/299     9.25G      3.17      3.97      3.13      10.3       205       384  0.000227  0.000122  4.02e-05  0.000156      4.38      1.68      4.22
   142/299     9.22G      3.17      3.97      3.13      10.3       188       384   0.00057  0.000135  4.73e-05  0.000183      4.38      1.67       4.2
   143/299     9.25G      3.17      3.94      3.13      10.2       156       640  0.000372  0.000131     4e-05  0.000172      4.38      1.68      4.22
   143/299     9.22G      3.17      3.94      3.13      10.2       152       640   0.00057  0.000135  4.78e-05  0.000183      4.38      1.67       4.2
   144/299     9.25G      3.17      3.88      3.12      10.2       112       640  0.000377  0.000132  4.01e-05  0.000174      4.38      1.68      4.22
   144/299     9.22G      3.17      3.87      3.12      10.2       109       640  0.000563  0.000135  4.73e-05  0.000182      4.38      1.67       4.2
   145/299     9.25G      3.17      3.83      3.12      10.1       149       448  0.000397  0.000143  4.03e-05  0.000189      4.38      1.68      4.22
   145/299     9.22G      3.17      3.84      3.11      10.1       151       448  0.000557  0.000135  4.76e-05  0.000182      4.38      1.67       4.2
   146/299     9.25G      3.16      3.96      3.12      10.2       133       576  0.000448  0.000157  4.03e-05  0.000212      4.38      1.68      4.22
   146/299     9.22G      3.17      3.96      3.13      10.3       135       576  0.000491  0.000122  4.74e-05  0.000161      4.38      1.67       4.2
   147/299     9.25G      3.16      3.91       3.1      10.2       189       448   0.00045  0.000158  4.06e-05  0.000213      4.38      1.68      4.23
   147/299     9.22G      3.16      3.92      3.11      10.2       176       448  0.000496  0.000122   4.7e-05  0.000161      4.38      1.67       4.2
   148/299     9.25G      3.17       3.9      3.12      10.2       197       416  0.000442  0.000158  4.05e-05  0.000213      4.38      1.68      4.23
   148/299     9.22G      3.17       3.9      3.12      10.2       183       416  0.000542   0.00015  4.88e-05  0.000199      4.38      1.67       4.2
   149/299     9.25G      3.16      3.89      3.11      10.2       146       512  0.000437  0.000156  4.05e-05   0.00021      4.38      1.68      4.23
   149/299     9.22G      3.16      3.89      3.11      10.2       123       512  0.000522  0.000151  4.87e-05  0.000199      4.38      1.67       4.2
   150/299     9.25G      3.16      3.88      3.11      10.2       181       640  0.000445  0.000159  4.07e-05  0.000214      4.38      1.68      4.23
   150/299     9.22G      3.16      3.89      3.12      10.2       165       640  0.000533  0.000151  5.03e-05  0.000199      4.38      1.67       4.2
   151/299     9.25G      3.16      3.88      3.12      10.2       210       384  0.000444   0.00016  4.09e-05  0.000215      4.38      1.68      4.23
   151/299     9.22G      3.16      3.89      3.12      10.2       209       384  0.000533   0.00015  5.14e-05  0.000198      4.38      1.67       4.2
   152/299     9.25G      3.16      3.87      3.11      10.1       172       384  0.000441  0.000159  4.12e-05  0.000214      4.38      1.68      4.23
   152/299     9.22G      3.16      3.87      3.11      10.1       160       384  0.000529   0.00015  5.11e-05  0.000198      4.38      1.67       4.2
   153/299     9.25G      3.16       3.9      3.11      10.2       160       544  0.000434   0.00016  4.08e-05  0.000214      4.38      1.68      4.23
   153/299     9.22G      3.16      3.89      3.11      10.2       145       544  0.000513   0.00015  5.13e-05  0.000197      4.38      1.67       4.2
   154/299     9.25G      3.16      3.89      3.11      10.2       184       384   0.00043   0.00016  4.12e-05  0.000214      4.38      1.68      4.23
   154/299     9.22G      3.16      3.89      3.11      10.2       159       384  0.000455  0.000134  5.22e-05  0.000175      4.38      1.67       4.2
   155/299     9.25G      3.16      3.93      3.12      10.2       121       352  0.000429  0.000159  4.11e-05  0.000213      4.38      1.68      4.23
   155/299     9.22G      3.16      3.94      3.13      10.2       107       352  0.000452  0.000134  5.15e-05  0.000174      4.38      1.67       4.2
   156/299     9.25G      3.15      3.91      3.09      10.2       228       544   0.00043  0.000159  4.12e-05  0.000213      4.38      1.68      4.23
   156/299     9.22G      3.16      3.92       3.1      10.2       212       544  0.000437  0.000134  5.31e-05  0.000174      4.38      1.67       4.2
   157/299     9.25G      3.16      3.89       3.1      10.1       190       512  0.000486  0.000172  4.11e-05  0.000234      4.38      1.68      4.23
   157/299     9.22G      3.16       3.9       3.1      10.2       186       512  0.000437  0.000135  5.19e-05  0.000175      4.38      1.67       4.2
   158/299     9.25G      3.15      3.88       3.1      10.1       172       416  0.000469  0.000167  4.11e-05  0.000227      4.38      1.68      4.23
   158/299     9.22G      3.15      3.89       3.1      10.1       169       416   0.00043  0.000134  5.15e-05  0.000174      4.38      1.67      4.21
   159/299     9.25G      3.15      3.95       3.1      10.2       194       608  0.000383  0.000173  4.01e-05   0.00023      4.38      1.68      4.23
   159/299     9.22G      3.15      3.95       3.1      10.2       185       608   0.00043  0.000133  5.04e-05  0.000173      4.38      1.67      4.21
   160/299     9.25G      3.15      3.89      3.09      10.1       138       512  0.000381  0.000173  3.99e-05   0.00023      4.38      1.68      4.23
   160/299     9.22G      3.15      3.89      3.09      10.1       144       512  0.000428  0.000132  4.95e-05  0.000172      4.38      1.67      4.21
   161/299     9.25G      3.15      3.81      3.08        10       241       352  0.000378  0.000172  3.96e-05  0.000229      4.38      1.68      4.23
   161/299     9.22G      3.15      3.81      3.08        10       221       352   0.00042  0.000133  4.88e-05  0.000173      4.38      1.67      4.21
   162/299     9.25G      3.15      3.78      3.08        10       182       384  0.000501  0.000189  4.15e-05  0.000256      4.38      1.68      4.23
   162/299     9.22G      3.15      3.79      3.09        10       160       384   0.00045   0.00015  4.86e-05  0.000195      4.39      1.67      4.21
   163/299     9.25G      3.14      3.93      3.09      10.2       221       544  0.000465  0.000172  4.15e-05  0.000233      4.38      1.68      4.23
   163/299     9.22G      3.15      3.94       3.1      10.2       203       544  0.000441   0.00015  4.96e-05  0.000195      4.39      1.67      4.21
   164/299     9.25G      3.15      3.91      3.09      10.1       156       544  0.000352  0.000161  3.99e-05  0.000214      4.38      1.68      4.23
   164/299     9.22G      3.15      3.91      3.09      10.2       140       544  0.000438   0.00015  4.96e-05  0.000195      4.39      1.67      4.21
   165/299     9.25G      3.15       3.9      3.09      10.1       138       352   0.00035  0.000162  4.04e-05  0.000214      4.38      1.68      4.23
   165/299     9.22G      3.15       3.9      3.09      10.1       142       352  0.000399  0.000134  4.97e-05  0.000173      4.39      1.67      4.21
   166/299     9.25G      3.14      3.87      3.08      10.1       159       640  0.000465  0.000175  4.23e-05  0.000237      4.38      1.68      4.23
   166/299     9.22G      3.15      3.88      3.08      10.1       145       640  0.000433   0.00015  4.99e-05  0.000196      4.39      1.67      4.21
   167/299     9.25G      3.14      3.88      3.08      10.1       191       640  0.000461  0.000176   4.2e-05  0.000237      4.38      1.68      4.23
   167/299     9.22G      3.14      3.88      3.08      10.1       193       640  0.000398  0.000136  4.92e-05  0.000175      4.39      1.67      4.21
   168/299     9.25G      3.14      3.92      3.08      10.1       195       512  0.000402  0.000163  4.19e-05  0.000217      4.38      1.68      4.24
   168/299     9.22G      3.13      3.92      3.08      10.1       184       512  0.000433  0.000151  4.91e-05  0.000196      4.39      1.67      4.21
   169/299     9.25G      3.14      3.91      3.08      10.1       180       640  0.000398  0.000163  4.21e-05  0.000216      4.38      1.69      4.24
   169/299     9.22G      3.14      3.91      3.08      10.1       176       640   0.00043  0.000151  4.85e-05  0.000196      4.39      1.68      4.21
   170/299     9.25G      3.14       3.9      3.08      10.1       160       384  0.000398  0.000163  4.22e-05  0.000217      4.38      1.69      4.24
   170/299     9.22G      3.14       3.9      3.08      10.1       151       384  0.000424  0.000151  4.88e-05  0.000196      4.39      1.68      4.21
   171/299     9.25G      3.14      3.86      3.07      10.1       124       352  0.000414  0.000175  4.23e-05   0.00023      4.38      1.69      4.24
   171/299     9.22G      3.14      3.86      3.08      10.1       123       352  0.000423  0.000152  4.86e-05  0.000197      4.39      1.68      4.21
   172/299     9.25G      3.13      3.88      3.07      10.1       147       640  0.000411  0.000175  4.18e-05   0.00023      4.38      1.69      4.24
   172/299     9.22G      3.14      3.89      3.08      10.1       161       640  0.000421  0.000153   4.8e-05  0.000198      4.39      1.68      4.21
   173/299     9.25G      3.13      3.89      3.07      10.1       208       320   0.00041  0.000175  4.16e-05   0.00023      4.38      1.69      4.24
   173/299     9.22G      3.13      3.88      3.08      10.1       186       320  0.000421  0.000153  4.78e-05  0.000198      4.39      1.68      4.21
   174/299     9.25G      3.13      3.96      3.07      10.2       119       608  0.000406  0.000175  4.21e-05   0.00023      4.38      1.69      4.24
   174/299     9.22G      3.13      3.97      3.08      10.2       120       608  0.000416  0.000153  4.81e-05  0.000199      4.39      1.68      4.21
   175/299     9.25G      3.14      3.93      3.06      10.1       235       576  0.000406  0.000175  4.18e-05  0.000229      4.38      1.69      4.24
   175/299     9.22G      3.14      3.93      3.07      10.1       236       576  0.000415  0.000154  4.86e-05  0.000198      4.39      1.68      4.21
   176/299     9.25G      3.15      3.85      3.07      10.1       171       544  0.000406  0.000175  4.14e-05   0.00023      4.38      1.69      4.24
   176/299     9.22G      3.15      3.86      3.07      10.1       147       544  0.000411  0.000154  4.86e-05  0.000198      4.39      1.68      4.21
   177/299     9.25G      3.13      3.87      3.05        10       216       640  0.000308  0.000164  4.01e-05   0.00021      4.38      1.69      4.24
   177/299     9.22G      3.13      3.87      3.05        10       212       640  0.000412  0.000154  4.89e-05  0.000199      4.39      1.68      4.21
   178/299     9.25G      3.13      3.78      3.05      9.96       183       480  0.000309  0.000164  3.99e-05  0.000211      4.38      1.69      4.24
   178/299     9.22G      3.13      3.79      3.05      9.97       176       480  0.000414  0.000154  4.88e-05  0.000199      4.39      1.68      4.21
   179/299     9.25G      3.13      3.85      3.05        10       168       320  0.000309  0.000165  4.01e-05  0.000211      4.38      1.69      4.24
   179/299     9.22G      3.13      3.85      3.06        10       157       320  0.000406  0.000153   4.9e-05  0.000198      4.39      1.68      4.21
   180/299     9.25G      3.13       3.9      3.07      10.1       189       576  0.000392  0.000174  4.17e-05  0.000227      4.38      1.69      4.24
   180/299     9.22G      3.13       3.9      3.07      10.1       183       576  0.000414  0.000159  4.92e-05  0.000206      4.39      1.68      4.22
   181/299     9.25G      3.12       3.8      3.05      9.97       174       384  0.000308  0.000166  4.06e-05  0.000212      4.38      1.69      4.24
   181/299     9.22G      3.12       3.8      3.05      9.97       151       384  0.000412  0.000159  4.91e-05  0.000206      4.39      1.68      4.22
   182/299     9.25G      3.12      3.87      3.04        10       131       416  0.000291  0.000154  4.06e-05  0.000198      4.38      1.69      4.24
   182/299     9.22G      3.12      3.87      3.04        10       109       416  0.000413  0.000159  4.99e-05  0.000206      4.39      1.68      4.22
   183/299     9.25G      3.13      3.84      3.05        10       148       448  0.000292  0.000154  4.07e-05  0.000198      4.38      1.69      4.24
   183/299     9.22G      3.13      3.83      3.05        10       134       448  0.000414  0.000161  4.97e-05  0.000208      4.39      1.68      4.22
   184/299     9.25G      3.12      3.88      3.04        10       176       320   0.00029  0.000154  4.07e-05  0.000198      4.38      1.69      4.24
   184/299     9.22G      3.12      3.88      3.04        10       172       320  0.000407   0.00016  4.99e-05  0.000207      4.39      1.68      4.22
   185/299     9.25G      3.11      3.91      3.04      10.1       182       608  0.000283  0.000153  4.04e-05  0.000195      4.38      1.69      4.24
   185/299     9.22G      3.11      3.91      3.04      10.1       182       608  0.000402   0.00016  4.96e-05  0.000207      4.39      1.68      4.22
   186/299     9.25G      3.11       3.9      3.04      10.1       143       576   0.00029  0.000154  4.05e-05  0.000198      4.38      1.69      4.24
   186/299     9.22G      3.11       3.9      3.04      10.1       147       576  0.000478  0.000176  4.94e-05  0.000234      4.39      1.68      4.22
   187/299     9.25G      3.11      3.82      3.04      9.97       164       640  0.000288  0.000154  4.05e-05  0.000198      4.38      1.69      4.24
   187/299     9.22G      3.12      3.82      3.04      9.98       153       640  0.000478  0.000176  4.92e-05  0.000234      4.39      1.68      4.22
   188/299     9.25G      3.12      3.92      3.04      10.1       182       576  0.000288  0.000155  4.04e-05  0.000198      4.38      1.69      4.24
   188/299     9.22G      3.11      3.92      3.03      10.1       189       576  0.000454  0.000169  4.79e-05  0.000223      4.39      1.68      4.22
   189/299     9.25G      3.11      3.91      3.04      10.1       180       448  0.000327  0.000173  4.07e-05  0.000223      4.38      1.69      4.25
   189/299     9.22G      3.11       3.9      3.05      10.1       162       448  0.000453   0.00017  4.83e-05  0.000224      4.39      1.68      4.22
   190/299     9.25G      3.11      3.86      3.03        10       183       608  0.000326  0.000173  4.05e-05  0.000223      4.38      1.69      4.25
   190/299     9.22G      3.11      3.85      3.03      9.99       172       608  0.000457  0.000171  4.84e-05  0.000225      4.39      1.68      4.22
   191/299     9.25G      3.11       3.9      3.04      10.1       137       416  0.000326  0.000173  4.03e-05  0.000222      4.38      1.69      4.25
   191/299     9.22G      3.11      3.91      3.03      10.1       132       416  0.000487  0.000182  4.89e-05  0.000242      4.39      1.68      4.22
   192/299     9.25G       3.1      3.88      3.03        10       172       512  0.000338  0.000182  4.08e-05  0.000233      4.38      1.69      4.25
   192/299     9.22G       3.1      3.88      3.03        10       153       512  0.000488  0.000183  4.87e-05  0.000243      4.39      1.68      4.22
   193/299     9.25G      3.11      3.89      3.02        10       206       544  0.000342  0.000181  4.12e-05  0.000233      4.38      1.69      4.25
   193/299     9.22G      3.11      3.89      3.02        10       198       544  0.000487  0.000184  4.94e-05  0.000244      4.39      1.68      4.22
   194/299     9.25G      3.11      3.94      3.03      10.1       151       320  0.000383  0.000205  4.13e-05  0.000263      4.38      1.69      4.25
   194/299     9.22G       3.1      3.95      3.03      10.1       140       320  0.000451  0.000173   4.9e-05  0.000227      4.39      1.68      4.22
   195/299     9.25G       3.1      3.86      3.02      9.99       173       352  0.000367  0.000196  4.15e-05  0.000252      4.39      1.69      4.25
   195/299     9.22G       3.1      3.87      3.03        10       159       352  0.000474  0.000184  4.94e-05  0.000243      4.39      1.68      4.22
   196/299     9.25G      3.11      3.93      3.02      10.1       127       320  0.000365  0.000195  4.17e-05   0.00025      4.39      1.69      4.25
   196/299     9.22G       3.1      3.94      3.02      10.1       111       320  0.000467  0.000183  4.91e-05  0.000241      4.39      1.68      4.22
   197/299     9.25G       3.1      3.86      3.02      9.99       165       544  0.000367  0.000196  4.16e-05  0.000252      4.39      1.69      4.25
   197/299     9.22G       3.1      3.86      3.01      9.98       140       544  0.000467  0.000183  4.95e-05  0.000241      4.39      1.68      4.23
   198/299     9.25G       3.1      3.94      3.03      10.1       149       416  0.000356  0.000192  4.19e-05  0.000246      4.39      1.69      4.25
   198/299     9.22G       3.1      3.94      3.02      10.1       149       416   0.00047  0.000184  4.91e-05  0.000242      4.39      1.68      4.23
   199/299     9.25G       3.1      3.79      3.02      9.91       151       544  0.000363  0.000195   4.2e-05   0.00025      4.39      1.69      4.25
   199/299     9.22G       3.1      3.79      3.02      9.91       155       544  0.000445  0.000172  4.89e-05  0.000227      4.39      1.68      4.23
   200/299     9.25G       3.1       3.9      3.02        10       168       320  0.000344  0.000183  4.16e-05  0.000235      4.39      1.69      4.25
   200/299     9.22G       3.1      3.91      3.02        10       160       320  0.000443  0.000172  4.89e-05  0.000226      4.39      1.68      4.23
   201/299     9.25G       3.1      3.87      3.01      9.98       171       544  0.000343  0.000184  4.16e-05  0.000236      4.39      1.69      4.25
   201/299     9.22G       3.1      3.87      3.01      9.98       157       544  0.000442  0.000173  4.83e-05  0.000227      4.39      1.68      4.23
   202/299     9.25G       3.1      3.85         3      9.95       140       416  0.000343  0.000184  4.21e-05  0.000236      4.39      1.69      4.25
   202/299     9.22G       3.1      3.86         3      9.96       128       416  0.000442  0.000173  4.87e-05  0.000227      4.39      1.68      4.23
   203/299     9.25G      3.09       3.9         3      9.99       161       544  0.000371  0.000205  4.19e-05  0.000261      4.39      1.69      4.25
   203/299     9.22G      3.09       3.9      3.01        10       151       544   0.00044  0.000173  4.82e-05  0.000227      4.39      1.68      4.23
   204/299     9.22G      3.09      3.83      3.01      9.94       150       480  0.000441  0.000174  4.84e-05  0.000228      4.39      1.68      4.23
   204/299     9.25G      3.09      3.82      3.01      9.92       169       480  0.000342  0.000193  4.17e-05  0.000244      4.39      1.69      4.25
   205/299     9.25G      3.09      3.85      2.99      9.92       167       480   0.00034  0.000192  4.15e-05  0.000243      4.39      1.69      4.25
   205/299     9.22G      3.09      3.84      2.99      9.92       147       480  0.000463  0.000185  4.83e-05  0.000243      4.39      1.68      4.23
   206/299     9.25G      3.08      3.85      2.99      9.93       161       352  0.000345  0.000193  4.19e-05  0.000245      4.39      1.69      4.26
   206/299     9.22G      3.09      3.85         3      9.93       153       352  0.000462  0.000185  4.85e-05  0.000243      4.39      1.68      4.23
   207/299     9.22G      3.09      3.93         3        10       167       608  0.000462  0.000185  4.77e-05  0.000243      4.39      1.68      4.23
   207/299     9.25G      3.09      3.93         3        10       187       608  0.000362  0.000202   4.2e-05  0.000256      4.39      1.69      4.26
   208/299     9.25G      3.09      3.92      3.01        10       158       640  0.000361  0.000202   4.2e-05  0.000256      4.39      1.69      4.26
   208/299     9.22G      3.09      3.92      3.01        10       136       640  0.000461  0.000185  4.77e-05  0.000243      4.39      1.68      4.23
   209/299     9.25G      3.08      3.82      2.98      9.88       179       544  0.000362  0.000203  4.24e-05  0.000257      4.39      1.69      4.26
   209/299     9.22G      3.09      3.81      2.99      9.88       174       544  0.000456  0.000184   4.8e-05  0.000242      4.39      1.68      4.23
   210/299     9.25G      3.08      3.81      2.98      9.87       170       352  0.000431  0.000217  4.36e-05  0.000279      4.39      1.69      4.26
   210/299     9.22G      3.08       3.8      2.98      9.87       163       352  0.000457  0.000185  4.76e-05  0.000242      4.39      1.68      4.23
   211/299     9.25G      3.08      3.85      2.99      9.92       178       384  0.000432  0.000218  4.41e-05   0.00028      4.39      1.69      4.26
   211/299     9.22G      3.08      3.84      2.98      9.91       163       384  0.000452  0.000184  4.72e-05  0.000241      4.39      1.68      4.23
   212/299     9.25G      3.08      3.91      2.98      9.97       213       608   0.00043  0.000218  4.42e-05  0.000279      4.39      1.69      4.26
   212/299     9.22G      3.07      3.91      2.98      9.96       186       608  0.000449  0.000184  4.65e-05  0.000242      4.39      1.68      4.23
   213/299     9.22G      3.07      3.86      2.97      9.91       159       416  0.000442  0.000185  4.64e-05  0.000241      4.39      1.68      4.24
   213/299     9.25G      3.07      3.86      2.98      9.91       164       416  0.000444  0.000225  4.43e-05  0.000289      4.39      1.69      4.26
   214/299     9.25G      3.09      3.89      2.99      9.96       119       608  0.000442  0.000225  4.41e-05  0.000289      4.39      1.69      4.26
   214/299     9.22G      3.09      3.89      2.99      9.97       118       608   0.00044  0.000184  4.57e-05   0.00024      4.39      1.68      4.24
   215/299     9.25G      3.08      3.84      2.98       9.9       156       448  0.000442  0.000226  4.44e-05   0.00029      4.39      1.69      4.26
   215/299     9.22G      3.08      3.85      2.98      9.91       153       448  0.000442  0.000185  4.56e-05  0.000242      4.39      1.68      4.24
   216/299     9.22G      3.07      3.88      2.98      9.93       191       448  0.000442  0.000186  4.57e-05  0.000242      4.39      1.68      4.24
   216/299     9.25G      3.07      3.88      2.97      9.92       202       448  0.000432  0.000222  4.48e-05  0.000284      4.39      1.69      4.26
   217/299     9.25G      3.07      3.87      2.97      9.91       218       448  0.000431  0.000221  4.45e-05  0.000283      4.39      1.69      4.26
   217/299     9.22G      3.07      3.87      2.98      9.91       228       448  0.000441  0.000186   4.6e-05  0.000243      4.39      1.68      4.24
   218/299     9.25G      3.07      3.86      2.97       9.9       170       576  0.000396  0.000204  4.45e-05   0.00026      4.39      1.69      4.26
   218/299     9.22G      3.07      3.86      2.97       9.9       173       576  0.000438  0.000187   4.6e-05  0.000243      4.39      1.68      4.24
   219/299     9.25G      3.07      3.86      2.97      9.89       154       384  0.000396  0.000205  4.39e-05  0.000261      4.39      1.69      4.27
   219/299     9.22G      3.07      3.85      2.97      9.88       150       384  0.000565  0.000204  4.59e-05  0.000273      4.39      1.68      4.24
   220/299     9.25G      3.06      3.84      2.97      9.88       210       416  0.000398  0.000205  4.36e-05  0.000261      4.39      1.69      4.27
   220/299     9.22G      3.07      3.85      2.98      9.89       194       416  0.000564  0.000204  4.59e-05  0.000273      4.39      1.68      4.24
   221/299     9.25G      3.06      3.86      2.96      9.88       168       512  0.000396  0.000205  4.37e-05  0.000261      4.39      1.69      4.27
   221/299     9.22G      3.07      3.86      2.97      9.89       166       512  0.000557  0.000203  4.58e-05  0.000272       4.4      1.68      4.24
   222/299     9.25G      3.06      3.87      2.96       9.9       183       384  0.000404  0.000209   4.4e-05  0.000266      4.39      1.69      4.27
   222/299     9.22G      3.07      3.87      2.96       9.9       177       384  0.000555  0.000203  4.58e-05  0.000272       4.4      1.68      4.24
   223/299     9.25G      3.06       3.9      2.96      9.92       159       608  0.000403   0.00021  4.39e-05  0.000267      4.39      1.69      4.27
   223/299     9.22G      3.07      3.89      2.96      9.92       157       608  0.000528    0.0002  4.59e-05  0.000266       4.4      1.68      4.24
   224/299     9.22G      3.06      3.86      2.95      9.87       185       352  0.000429  0.000187   4.6e-05  0.000242       4.4      1.68      4.24
   224/299     9.25G      3.06      3.86      2.95      9.87       186       352  0.000524  0.000231   4.4e-05  0.000303      4.39      1.69      4.27
   225/299     9.25G      3.06      3.82      2.95      9.84       138       384  0.000404  0.000209  4.39e-05  0.000266      4.39      1.69      4.27
   225/299     9.22G      3.06      3.83      2.96      9.85       142       384  0.000438  0.000188  4.58e-05  0.000244       4.4      1.68      4.24
   226/299     9.25G      3.06      3.91      2.95      9.91       131       640  0.000445  0.000216  4.42e-05  0.000278      4.39      1.69      4.27
   226/299     9.22G      3.06      3.91      2.95      9.92       137       640   0.00043  0.000186  4.55e-05  0.000242       4.4      1.68      4.25
   227/299     9.25G      3.05      3.88      2.95      9.88       186       512  0.000404  0.000209  4.42e-05  0.000266      4.39      1.69      4.27
   227/299     9.22G      3.06      3.88      2.95      9.89       184       512  0.000427  0.000185  4.54e-05  0.000241       4.4      1.68      4.25
   228/299     9.22G      3.06      3.87      2.95      9.88       175       384  0.000536  0.000212  4.56e-05  0.000279       4.4      1.68      4.25
   228/299     9.25G      3.05      3.87      2.94      9.86       181       384  0.000427  0.000222  4.41e-05  0.000282      4.39      1.69      4.27
   229/299     9.25G      3.06       3.9      2.95      9.91       159       544  0.000424  0.000222  4.39e-05  0.000282      4.39      1.69      4.27
   229/299     9.22G      3.06       3.9      2.96      9.92       153       544  0.000564  0.000216  4.57e-05  0.000287       4.4      1.68      4.25
   230/299     9.25G      3.05       3.9      2.94       9.9       148       448  0.000424  0.000222  4.38e-05  0.000283      4.39      1.69      4.27
   230/299     9.22G      3.05      3.91      2.95      9.91       128       448  0.000568  0.000217  4.59e-05  0.000288       4.4      1.68      4.25
   231/299     9.25G      3.05      3.89      2.94      9.89       191       608  0.000398  0.000206  4.42e-05  0.000262      4.39      1.69      4.28
   231/299     9.22G      3.06       3.9      2.94       9.9       189       608  0.000543  0.000203  4.58e-05  0.000272       4.4      1.68      4.25
   232/299     9.25G      3.05      3.84      2.94      9.83       170       608    0.0004  0.000206  4.41e-05  0.000263      4.39      1.69      4.28
   232/299     9.22G      3.05      3.85      2.94      9.84       154       608   0.00057  0.000216  4.65e-05  0.000289       4.4      1.68      4.25
   233/299     9.25G      3.05      3.92      2.94      9.91       175       608  0.000401  0.000207  4.44e-05  0.000264      4.39      1.69      4.28
   233/299     9.22G      3.05      3.92      2.94      9.91       156       608  0.000583  0.000231  4.63e-05  0.000307       4.4      1.68      4.25
   234/299     9.25G      3.05      3.88      2.94      9.87       170       384    0.0004  0.000206  4.49e-05  0.000263       4.4      1.69      4.28
   234/299     9.22G      3.04      3.88      2.94      9.86       155       384  0.000587  0.000233  4.63e-05  0.000309       4.4      1.68      4.25
   235/299     9.22G      3.03      3.79      2.92      9.74       149       352  0.000584  0.000232  4.65e-05  0.000307       4.4      1.68      4.26
   235/299     9.25G      3.03      3.79      2.91      9.73       141       352  0.000344  0.000197  4.37e-05  0.000247       4.4      1.69      4.28
   236/299     9.22G      3.04      3.87      2.93      9.85       162       352  0.000582  0.000232  4.62e-05  0.000308       4.4      1.68      4.26
   236/299     9.25G      3.04      3.88      2.93      9.84       164       352  0.000342  0.000196  4.37e-05  0.000247       4.4      1.69      4.28
   237/299     9.25G      3.05       3.8      2.91      9.77       189       416  0.000342  0.000196  4.34e-05  0.000246       4.4      1.69      4.28
   237/299     9.22G      3.05      3.81      2.92      9.78       178       416  0.000563  0.000217  4.61e-05  0.000291       4.4      1.68      4.26
   238/299     9.25G      3.03      3.88      2.92      9.82       131       480  0.000342  0.000196  4.36e-05  0.000246       4.4      1.69      4.28
   238/299     9.22G      3.03      3.89      2.92      9.84       129       480  0.000558  0.000217  4.62e-05   0.00029       4.4      1.68      4.26
   239/299     9.25G      3.04       3.9      2.92      9.86       198       608   0.00034  0.000196  4.33e-05  0.000246       4.4      1.69      4.28
   239/299     9.22G      3.04       3.9      2.91      9.86       186       608  0.000557  0.000216  4.65e-05   0.00029       4.4      1.68      4.26
   240/299     9.25G      3.04      3.84      2.91      9.79       243       544  0.000341  0.000196  4.36e-05  0.000246       4.4      1.69      4.29
   240/299     9.22G      3.03      3.85      2.91      9.79       222       544  0.000555  0.000216  4.64e-05   0.00029       4.4      1.68      4.26
   241/299     9.25G      3.04      3.88      2.92      9.84       139       320  0.000395  0.000205  4.52e-05   0.00026       4.4      1.69      4.29
   241/299     9.22G      3.04      3.88      2.92      9.85       126       320  0.000556  0.000217  4.62e-05   0.00029       4.4      1.68      4.26
   242/299     9.25G      3.04      3.92      2.92      9.87       170       352  0.000396  0.000204  4.51e-05   0.00026       4.4      1.69      4.29
   242/299     9.22G      3.04      3.92      2.92      9.88       169       352  0.000554  0.000216  4.68e-05  0.000289       4.4      1.68      4.26
   243/299     9.25G      3.03      3.86      2.92      9.81       113       512  0.000395  0.000204  4.57e-05   0.00026       4.4      1.69      4.29
   243/299     9.22G      3.03      3.86      2.92      9.81       103       512  0.000553  0.000216  4.68e-05  0.000288       4.4      1.68      4.27
   244/299     9.25G      3.03       3.9      2.91      9.84       141       480  0.000396  0.000204   4.6e-05   0.00026       4.4      1.69      4.29
   244/299     9.22G      3.03      3.89      2.92      9.85       123       480  0.000552  0.000216  4.67e-05  0.000289       4.4      1.68      4.27
   245/299     9.22G      3.03      3.87       2.9       9.8       155       576  0.000548  0.000215  4.66e-05  0.000288       4.4      1.68      4.27
   245/299     9.25G      3.03      3.88      2.89       9.8       149       576  0.000398  0.000204   4.6e-05   0.00026       4.4      1.69      4.29
   246/299     9.25G      3.02      3.87       2.9       9.8       144       480  0.000397  0.000204   4.6e-05   0.00026       4.4      1.69      4.29
   246/299     9.22G      3.02      3.88       2.9       9.8       130       480  0.000547  0.000215  4.63e-05  0.000288      4.41      1.68      4.27
   247/299     9.25G      3.03      3.97      2.91      9.91       201       512  0.000348  0.000197  4.44e-05  0.000249       4.4      1.69      4.29
   247/299     9.22G      3.03      3.97      2.91      9.91       195       512   0.00059  0.000229  4.65e-05  0.000309      4.41      1.68      4.27
   248/299     9.22G      3.02      3.91      2.89      9.82       163       512  0.000585  0.000228  4.63e-05  0.000307      4.41      1.68      4.27
   248/299     9.25G      3.02      3.91      2.89      9.82       173       512  0.000404  0.000207   4.6e-05  0.000264       4.4      1.69       4.3
   249/299     9.25G      3.03      3.79      2.88       9.7       210       608  0.000397  0.000205  4.58e-05  0.000261       4.4      1.69       4.3
   249/299     9.22G      3.02       3.8      2.88       9.7       194       608  0.000564  0.000217  4.63e-05  0.000291      4.41      1.68      4.27
   250/299     9.25G      3.03      3.87      2.89      9.79       140       512  0.000397  0.000204  4.59e-05  0.000261       4.4      1.69       4.3
   250/299     9.22G      3.02      3.88      2.89      9.79       139       512  0.000566  0.000217  4.65e-05  0.000292      4.41      1.68      4.27
   251/299     9.25G      3.02      3.87      2.89      9.78       191       480  0.000386  0.000201  4.62e-05  0.000256       4.4      1.69       4.3
   251/299     9.22G      3.02      3.87      2.89      9.77       181       480  0.000486  0.000211  4.68e-05  0.000278      4.41      1.68      4.28
   252/299     9.25G      3.02       3.9      2.88      9.81       160       576  0.000493   0.00022  4.65e-05  0.000288       4.4      1.69       4.3
   252/299     9.22G      3.02       3.9      2.89      9.81       165       576  0.000484   0.00021  4.69e-05  0.000277      4.41      1.68      4.28
   253/299     9.25G      3.01      3.92      2.88      9.81       152       576  0.000618  0.000243  4.71e-05  0.000327       4.4      1.69       4.3
   253/299     9.22G      3.01      3.93      2.88      9.82       173       576  0.000482  0.000211  4.67e-05  0.000277      4.41      1.68      4.28
   254/299     9.25G      3.01      3.86      2.87      9.74       159       320  0.000616  0.000244   4.7e-05  0.000327       4.4      1.69       4.3
   254/299     9.22G      3.01      3.86      2.87      9.74       157       320  0.000481   0.00021  4.67e-05  0.000277      4.41      1.68      4.28
   255/299     9.25G      3.02      3.88      2.87      9.77       138       448  0.000596  0.000231  4.72e-05  0.000312       4.4      1.69       4.3
   255/299     9.22G      3.02      3.87      2.87      9.76       139       448  0.000458  0.000199  4.64e-05  0.000262      4.41      1.68      4.28
   256/299     9.25G         3      3.95      2.87      9.83       161       480  0.000581  0.000222  4.77e-05  0.000301      4.41      1.69      4.31
   256/299     9.22G      3.01      3.96      2.87      9.84       146       480  0.000457  0.000199  4.66e-05  0.000262      4.41      1.68      4.28
   257/299     9.25G      3.01      3.91      2.86      9.78       140       320   0.00052  0.000214  4.63e-05  0.000287      4.41      1.69      4.31
   257/299     9.22G      3.01      3.91      2.86      9.78       131       320  0.000454  0.000199  4.67e-05  0.000262      4.41      1.68      4.28
   258/299     9.25G         3      3.91      2.87      9.78       162       480  0.000524  0.000213  4.57e-05  0.000286      4.41      1.69      4.31
   258/299     9.22G         3      3.91      2.87      9.78       140       480  0.000452    0.0002  4.69e-05  0.000262      4.41      1.68      4.29
   259/299     9.25G         3      3.84      2.85       9.7       171       416  0.000523  0.000213  4.55e-05  0.000286      4.41      1.69      4.31
   259/299     9.22G      3.01      3.84      2.86      9.71       142       416  0.000451  0.000199  4.68e-05  0.000262      4.41      1.68      4.29
   260/299     9.22G         3       3.9      2.86      9.76       167       352   0.00045  0.000199  4.68e-05  0.000262      4.41      1.68      4.29
   260/299     9.25G         3       3.9      2.86      9.76       189       352  0.000518  0.000213  4.57e-05  0.000285      4.41      1.69      4.31
   261/299     9.25G         3      3.95      2.85       9.8       148       448  0.000515  0.000214  4.59e-05  0.000286      4.41      1.69      4.31
   261/299     9.22G         3      3.95      2.85       9.8       146       448   0.00045    0.0002  4.66e-05  0.000263      4.41      1.68      4.29
   262/299     9.22G      3.01      3.93      2.86       9.8       167       512  0.000473  0.000212  4.68e-05  0.000278      4.41      1.68      4.29
   262/299     9.25G      3.01      3.93      2.86       9.8       163       512   0.00051  0.000214  4.58e-05  0.000285      4.41      1.69      4.31
   263/299     9.22G      3.01      3.81      2.86      9.69       117       544  0.000452    0.0002  4.67e-05  0.000264      4.41      1.68      4.29
   263/299     9.25G      3.01       3.8      2.87      9.68       121       544  0.000509  0.000213  4.56e-05  0.000285      4.41      1.69      4.32
   264/299     9.22G      2.99      3.81      2.84      9.64       143       544   0.00045  0.000199  4.65e-05  0.000263      4.41      1.68      4.29
   264/299     9.25G      2.99      3.81      2.84      9.64       159       544  0.000503  0.000214  4.61e-05  0.000285      4.41      1.69      4.32
   265/299     9.22G         3      3.89      2.86      9.75       108       320   0.00057  0.000224  4.66e-05  0.000303      4.41      1.68       4.3
   265/299     9.25G         3       3.9      2.86      9.75       110       320  0.000506  0.000213  4.58e-05  0.000285      4.41      1.69      4.32
   266/299     9.22G      2.99      3.89      2.84      9.72       162       608  0.000569  0.000225  4.64e-05  0.000304      4.42      1.68       4.3
   266/299     9.25G      2.99      3.89      2.84      9.72       168       608  0.000551  0.000221  4.71e-05  0.000298      4.41      1.69      4.32
   267/299     9.22G         3      3.84      2.84      9.67       194       608  0.000537  0.000211  4.65e-05  0.000284      4.42      1.68       4.3
   267/299     9.25G         3      3.84      2.84      9.67       206       608  0.000562  0.000231  4.69e-05  0.000311      4.41      1.69      4.32
   268/299     9.22G         3       3.8      2.83      9.63       178       480  0.000595  0.000242  4.66e-05  0.000326      4.42      1.68       4.3
   268/299     9.25G      2.99       3.8      2.83      9.62       201       480  0.000566  0.000231  4.67e-05  0.000311      4.41      1.69      4.32
   269/299     9.22G         3      3.85      2.84      9.69       139       480  0.000548  0.000218  4.59e-05  0.000294      4.42      1.68       4.3
   269/299     9.25G      2.99      3.85      2.83      9.68       137       480  0.000556  0.000232  4.71e-05  0.000311      4.41      1.69      4.33
   270/299     9.25G         3      3.85      2.83      9.68       148       480  0.000561  0.000233  4.71e-05  0.000312      4.41      1.69      4.33
   270/299     9.22G      2.99      3.86      2.83      9.67       144       480  0.000509  0.000205  4.65e-05  0.000275      4.42      1.68       4.3
   271/299     9.22G      2.99      3.82      2.83      9.63       201       512  0.000506  0.000205  4.59e-05  0.000275      4.42      1.68      4.31
   271/299     9.25G      2.99      3.82      2.83      9.63       209       512  0.000591  0.000249   4.7e-05  0.000334      4.41      1.69      4.33
   272/299     9.25G      2.98      3.93      2.82      9.73       139       480   0.00057  0.000241  4.72e-05  0.000322      4.41      1.69      4.33
   272/299     9.22G      2.99      3.92      2.82      9.73       131       480  0.000527  0.000218  4.57e-05  0.000291      4.42      1.68      4.31
   273/299     9.25G      2.99      3.94      2.84      9.76       242       448  0.000547  0.000223  4.71e-05  0.000301      4.42      1.69      4.33
   273/299     9.22G         3      3.93      2.84      9.77       249       448  0.000522  0.000214   4.6e-05  0.000286      4.42      1.68      4.31
   274/299     9.22G      2.98      3.89      2.81      9.69       184       544  0.000528  0.000218  4.59e-05  0.000291      4.42      1.68      4.31
   274/299     9.25G      2.98      3.88      2.81      9.67       199       544  0.000583   0.00024  4.75e-05  0.000324      4.42      1.69      4.33
   275/299     9.22G      2.98      3.87      2.82      9.68       149       480  0.000528  0.000218  4.57e-05  0.000291      4.42      1.68      4.31
   275/299     9.25G      2.98      3.88      2.82      9.67       149       480  0.000546  0.000224  4.79e-05  0.000303      4.42      1.69      4.34
   276/299     9.25G      2.99      3.79      2.82       9.6       183       384  0.000545  0.000224  4.81e-05  0.000302      4.42      1.69      4.34
   276/299     9.22G      2.99      3.79      2.82      9.61       172       384  0.000527  0.000217   4.6e-05  0.000291      4.42      1.68      4.31
   277/299     9.22G      2.98      3.86      2.82      9.67       146       384   0.00057  0.000231  4.59e-05  0.000311      4.42      1.68      4.32
   277/299     9.25G      2.98      3.86      2.82      9.66       142       384  0.000513  0.000206  4.84e-05   0.00028      4.42      1.69      4.34
   278/299     9.22G      2.98      3.88      2.81      9.68       163       416  0.000529  0.000218  4.58e-05  0.000292      4.42      1.68      4.32
   278/299     9.25G      2.99      3.88      2.82      9.68       173       416  0.000504  0.000204  4.87e-05  0.000276      4.42      1.69      4.34
   279/299     9.22G      2.98      3.88      2.81      9.67       198       512  0.000529  0.000218  4.56e-05  0.000292      4.42      1.68      4.32
   279/299     9.25G      2.98      3.88      2.81      9.68       206       512  0.000504  0.000204  4.84e-05  0.000276      4.42      1.69      4.34
   280/299     9.22G      2.97      3.81      2.81      9.59       114       512  0.000568  0.000232  4.57e-05  0.000312      4.42      1.68      4.32
   280/299     9.25G      2.97      3.81       2.8      9.58       131       512  0.000461  0.000195   4.7e-05  0.000261      4.42      1.69      4.34
   281/299     9.22G      2.97      3.88      2.81      9.66       149       384  0.000571  0.000232  4.59e-05  0.000312      4.42      1.68      4.32
   281/299     9.25G      2.97      3.88       2.8      9.66       161       384  0.000464  0.000195   4.7e-05  0.000262      4.42      1.69      4.35
   282/299     9.22G      2.97      3.95       2.8      9.71       185       352  0.000564  0.000231  4.61e-05  0.000311      4.42      1.68      4.32
   282/299     9.25G      2.97      3.95       2.8      9.71       208       352  0.000525  0.000215  4.85e-05  0.000291      4.42      1.69      4.35
   283/299     9.22G      2.98      3.92      2.81      9.71       212       416  0.000565  0.000231   4.6e-05  0.000311      4.43      1.68      4.33
   283/299     9.25G      2.97      3.92      2.81       9.7       246       416   0.00047  0.000207  4.72e-05  0.000276      4.42      1.69      4.35
   284/299     9.22G      2.97      3.93       2.8      9.69       134       416  0.000563  0.000231  4.66e-05  0.000312      4.43      1.68      4.33
   284/299     9.25G      2.97      3.92      2.79      9.68       149       416  0.000479  0.000207  4.74e-05  0.000277      4.42      1.69      4.35
   285/299     9.22G      2.97      3.81      2.79      9.57       150       576  0.000567  0.000232  4.65e-05  0.000312      4.43      1.68      4.33
   285/299     9.25G      2.97      3.81      2.78      9.56       149       576  0.000523  0.000215  4.85e-05   0.00029      4.42      1.69      4.35
   286/299     9.22G      2.96      3.97      2.79      9.72       158       416  0.000565  0.000232  4.68e-05  0.000312      4.43      1.68      4.33
   286/299     9.25G      2.97      3.97      2.79      9.73       175       416  0.000531  0.000215   4.9e-05  0.000291      4.42      1.69      4.35
   287/299     9.22G      2.97      3.89       2.8      9.65       142       608  0.000586  0.000243  4.76e-05  0.000327      4.43      1.68      4.33
   287/299     9.25G      2.97      3.88       2.8      9.65       172       608  0.000523  0.000215  4.94e-05  0.000291      4.42      1.69      4.35
   288/299     9.22G      2.97      3.87      2.79      9.63       115       512  0.000562  0.000231  4.68e-05  0.000311      4.43      1.68      4.33
   288/299     9.25G      2.97      3.87      2.78      9.62       118       512  0.000525  0.000216  4.98e-05  0.000291      4.42      1.69      4.36
   289/299     9.25G      2.96       3.9      2.77      9.62       128       480   0.00051  0.000208  5.02e-05  0.000281      4.43       1.7      4.36
   289/299     9.22G      2.96       3.9      2.78      9.63       118       480   0.00056  0.000231  4.69e-05  0.000311      4.43      1.68      4.34
   290/299     9.22G      2.98      3.82      2.78      9.57       142       320   0.00056  0.000231   4.7e-05  0.000311      4.43      1.68      4.34
   290/299     9.25G      2.97      3.81      2.78      9.56       166       320  0.000511  0.000209  5.07e-05  0.000282      4.43      1.69      4.36
   291/299     9.25G      2.96      3.82      2.77      9.55       137       544  0.000519  0.000209  5.08e-05  0.000282      4.43      1.69      4.36
   291/299     9.22G      2.96      3.83      2.78      9.57       129       544  0.000557  0.000231  4.74e-05   0.00031      4.43      1.68      4.34
   292/299     9.25G      2.96      3.89      2.77      9.62       205       352  0.000518  0.000208  5.08e-05  0.000281      4.43       1.7      4.36
   292/299     9.22G      2.96      3.89      2.78      9.62       201       352  0.000553  0.000231  4.77e-05   0.00031      4.43      1.68      4.34
   293/299     9.25G      2.96      3.92      2.79      9.67       116       384  0.000517  0.000208  5.09e-05  0.000281      4.43       1.7      4.36
   293/299     9.22G      2.96      3.92      2.79      9.67       114       384  0.000551  0.000231  4.77e-05  0.000311      4.43      1.68      4.34
   294/299     9.22G      2.96      3.88      2.78      9.62       134       608  0.000551  0.000231  4.73e-05   0.00031      4.43      1.68      4.34
   294/299     9.25G      2.96      3.88      2.78      9.63       149       608  0.000471    0.0002  4.87e-05  0.000268      4.43       1.7      4.37
   295/299     9.22G      2.97      3.93      2.79      9.68       154       544  0.000546  0.000231  4.74e-05   0.00031      4.43      1.69      4.35
   295/299     9.25G      2.96      3.93      2.78      9.68       167       544  0.000481  0.000199  4.88e-05  0.000267      4.43       1.7      4.37
   296/299     9.25G      2.97      3.81      2.77      9.55       141       384   0.00047  0.000199  4.86e-05  0.000267      4.43       1.7      4.37
   296/299     9.22G      2.97      3.82      2.77      9.56       145       384   0.00055  0.000231  4.74e-05   0.00031      4.43      1.68      4.35
   297/299     9.25G      2.97      3.82      2.77      9.56       147       320  0.000478  0.000199  4.84e-05  0.000267      4.43       1.7      4.37
   297/299     9.22G      2.96      3.82      2.77      9.56       145       320  0.000513  0.000218  4.74e-05  0.000291      4.43      1.68      4.35
   298/299     9.25G      2.97      3.82      2.77      9.55       107       576  0.000506  0.000215   4.9e-05  0.000287      4.43      1.69      4.37
   298/299     9.22G      2.97      3.82      2.77      9.56       111       576  0.000497   0.00021  4.73e-05   0.00028      4.43      1.68      4.35
   299/299     9.25G      2.96      3.87      2.77      9.59       164       608  0.000517  0.000218  4.88e-05  0.000291      4.43       1.7      4.37
   299/299     9.22G      2.95      3.87      2.77      9.59       151       608  0.000519  0.000225  4.75e-05  0.000297      4.43      1.68      4.35
